7.347880794884119e-16
8.660254037844388e-01
-8.660254037844383e-01
4.898587196589413e-16
8.660254037844388e-01
1.732050807568877e+00
-8.813754755807632e-17
8.660254037844386e-01
-8.660254037844383e-01
-8.813754755807632e-17
-1.732050807568877e+00
-8.660254037844385e-01
4.898587196589413e-16
8.660254037844386e-01
-8.660254037844385e-01
2.449293598294706e-16
8.660254037844388e-01
1.732050807568877e+00
-1.110223024625157e-16
8.660254037844386e-01
1.732050807568877e+00
2.598076211353315e+00
8.660254037844380e-01
1.732050807568877e+00
-1.110223024625157e-16
8.660254037844380e-01
-8.660254037844390e-01
-3.330669073875470e-16
8.660254037844386e-01
1.732050807568877e+00
-3.330669073875470e-16
8.660254037844384e-01
-8.660254037844383e-01
-1.110223024625157e-16
-1.732050807568877e+00
-8.660254037844385e-01
-1.110223024625157e-16
8.660254037844380e-01
-8.660254037844390e-01
-3.330669073875470e-16
-1.732050807568877e+00
-8.660254037844390e-01
-2.598076211353316e+00
-1.732050807568877e+00
-8.660254037844385e-01
-3.330669073875470e-16
-1.732050807568877e+00
-8.660254037844387e-01
4.898587196589413e-16
8.660254037844386e-01
-8.660254037844385e-01
2.449293598294706e-16
8.660254037844386e-01
1.732050807568877e+00
-3.330669073875470e-16
8.660254037844384e-01
-8.660254037844385e-01
-3.330669073875470e-16
-1.732050807568877e+00
-8.660254037844387e-01
2.449293598294706e-16
8.660254037844384e-01
-8.660254037844387e-01
0.000000000000000e+00
