7.347880794884119e-16
4.067366430758006e-01
7.431448254773950e-01
9.510565162951541e-01
9.945218953682738e-01
8.660254037844393e-01
5.877852522924735e-01
2.079116908177600e-01
-2.079116908177588e-01
-5.877852522924728e-01
-8.660254037844380e-01
-9.945218953682728e-01
-9.510565162951531e-01
-7.431448254773940e-01
-4.067366430758004e-01
4.898587196589413e-16
4.067366430758006e-01
8.134732861516005e-01
1.149881468553195e+00
1.357793159370954e+00
1.401258538444074e+00
1.272762046860239e+00
9.945218953682734e-01
6.146483338935599e-01
1.988249522580411e-01
-1.810486092166728e-01
-4.592887607086381e-01
-5.877852522924729e-01
-5.443198732193532e-01
-3.364081824015941e-01
-4.767156061768811e-16
4.067366430758004e-01
7.431448254773950e-01
1.149881468553195e+00
1.486289650954789e+00
1.694201341772548e+00
1.737666720845668e+00
1.609170229261834e+00
1.330930077769868e+00
9.510565162951543e-01
5.352331346596355e-01
1.553595731849216e-01
-1.228805783070437e-01
-2.513770698908785e-01
-2.079116908177587e-01
3.559516622919863e-16
3.364081824015939e-01
7.431448254773948e-01
9.510565162951541e-01
1.357793159370954e+00
1.694201341772548e+00
1.902113032590308e+00
1.945578411663427e+00
1.817081920079593e+00
1.538841768587627e+00
1.158968207112913e+00
7.431448254773946e-01
3.632712640026806e-01
8.503111251071541e-02
-4.346537907311940e-02
3.559516622919863e-16
2.079116908177594e-01
5.443198732193530e-01
9.510565162951539e-01
9.945218953682738e-01
1.401258538444074e+00
1.737666720845668e+00
1.945578411663427e+00
1.989043790736547e+00
1.860547299152713e+00
1.582307147660747e+00
1.202433586186033e+00
7.866102045505143e-01
4.067366430758004e-01
1.284964915838352e-01
3.559516622919863e-16
4.346537907312011e-02
2.513770698908792e-01
5.877852522924727e-01
9.945218953682736e-01
8.660254037844393e-01
1.272762046860239e+00
1.609170229261834e+00
1.817081920079593e+00
1.860547299152713e+00
1.732050807568878e+00
1.453810656076912e+00
1.073937094602199e+00
6.581137129666798e-01
2.782401514919658e-01
5.779962672170177e-16
-1.284964915838342e-01
-8.503111251071446e-02
1.228805783070446e-01
4.592887607086382e-01
8.660254037844390e-01
5.877852522924735e-01
9.945218953682734e-01
1.330930077769868e+00
1.538841768587627e+00
1.582307147660747e+00
1.453810656076912e+00
1.175570504584946e+00
7.956969431102328e-01
3.798735614747140e-01
2.288475490443933e-17
-2.782401514919652e-01
-4.067366430758000e-01
-3.632712640026803e-01
-1.553595731849212e-01
1.810486092166724e-01
5.877852522924732e-01
2.079116908177600e-01
6.146483338935599e-01
9.510565162951543e-01
1.158968207112913e+00
1.202433586186033e+00
1.073937094602199e+00
7.956969431102328e-01
4.158233816355192e-01
4.392183891388730e-16
-3.798735614747135e-01
-6.581137129666788e-01
-7.866102045505136e-01
-7.431448254773938e-01
-5.352331346596347e-01
-1.988249522580411e-01
2.079116908177598e-01
-2.079116908177588e-01
1.988249522580411e-01
5.352331346596355e-01
7.431448254773946e-01
7.866102045505143e-01
6.581137129666798e-01
3.798735614747140e-01
4.392183891388730e-16
-4.158233816355184e-01
-7.956969431102323e-01
-1.073937094602198e+00
-1.202433586186032e+00
-1.158968207112913e+00
-9.510565162951535e-01
-6.146483338935600e-01
-2.079116908177591e-01
-5.877852522924728e-01
-1.810486092166728e-01
1.553595731849216e-01
3.632712640026806e-01
4.067366430758004e-01
2.782401514919658e-01
2.288475490443933e-17
-3.798735614747135e-01
-7.956969431102323e-01
-1.175570504584946e+00
-1.453810656076912e+00
-1.582307147660746e+00
-1.538841768587627e+00
-1.330930077769868e+00
-9.945218953682740e-01
-5.877852522924730e-01
-8.660254037844380e-01
-4.592887607086381e-01
-1.228805783070437e-01
8.503111251071541e-02
1.284964915838352e-01
5.779962672170177e-16
-2.782401514919652e-01
-6.581137129666788e-01
-1.073937094602198e+00
-1.453810656076912e+00
-1.732050807568877e+00
-1.860547299152712e+00
-1.817081920079592e+00
-1.609170229261833e+00
-1.272762046860239e+00
-8.660254037844383e-01
-9.945218953682728e-01
-5.877852522924729e-01
-2.513770698908785e-01
-4.346537907311940e-02
3.559516622919863e-16
-1.284964915838342e-01
-4.067366430758000e-01
-7.866102045505136e-01
-1.202433586186032e+00
-1.582307147660746e+00
-1.860547299152712e+00
-1.989043790736546e+00
-1.945578411663426e+00
-1.737666720845668e+00
-1.401258538444074e+00
-9.945218953682731e-01
-9.510565162951531e-01
-5.443198732193532e-01
-2.079116908177587e-01
3.559516622919863e-16
4.346537907312011e-02
-8.503111251071446e-02
-3.632712640026803e-01
-7.431448254773938e-01
-1.158968207112913e+00
-1.538841768587627e+00
-1.817081920079592e+00
-1.945578411663426e+00
-1.902113032590307e+00
-1.694201341772548e+00
-1.357793159370954e+00
-9.510565162951533e-01
-7.431448254773940e-01
-3.364081824015941e-01
3.559516622919863e-16
2.079116908177594e-01
2.513770698908792e-01
1.228805783070446e-01
-1.553595731849212e-01
-5.352331346596347e-01
-9.510565162951535e-01
-1.330930077769868e+00
-1.609170229261833e+00
-1.737666720845668e+00
-1.694201341772548e+00
-1.486289650954789e+00
-1.149881468553195e+00
-7.431448254773942e-01
-4.067366430758004e-01
-4.767156061768811e-16
3.364081824015939e-01
5.443198732193530e-01
5.877852522924727e-01
4.592887607086382e-01
1.810486092166724e-01
-1.988249522580411e-01
-6.146483338935600e-01
-9.945218953682740e-01
-1.272762046860239e+00
-1.401258538444074e+00
-1.357793159370954e+00
-1.149881468553195e+00
-8.134732861516015e-01
-4.067366430758007e-01
4.898587196589413e-16
4.067366430758004e-01
7.431448254773948e-01
9.510565162951539e-01
9.945218953682736e-01
8.660254037844390e-01
5.877852522924732e-01
2.079116908177598e-01
-2.079116908177591e-01
-5.877852522924730e-01
-8.660254037844383e-01
-9.945218953682731e-01
-9.510565162951533e-01
-7.431448254773942e-01
-4.067366430758007e-01
2.449293598294706e-16
4.067366430758007e-01
8.134732861516005e-01
1.149881468553195e+00
1.357793159370954e+00
1.401258538444074e+00
1.272762046860239e+00
9.945218953682734e-01
6.146483338935599e-01
1.988249522580411e-01
-1.810486092166729e-01
-4.592887607086381e-01
-5.877852522924729e-01
-5.443198732193532e-01
-3.364081824015941e-01
-4.996003610813204e-16
4.067366430758004e-01
8.134732861516005e-01
1.220209929227400e+00
1.556618111628995e+00
1.764529802446754e+00
1.807995181519874e+00
1.679498689936039e+00
1.401258538444073e+00
1.021384976969360e+00
6.055615953338410e-01
2.256880338591271e-01
-5.255211763283818e-02
-1.810486092166730e-01
-1.375832301435532e-01
7.032846067420584e-02
4.067366430757994e-01
8.134732861516003e-01
1.149881468553195e+00
1.556618111628995e+00
1.893026294030589e+00
2.100937984848348e+00
2.144403363921468e+00
2.015906872337633e+00
1.737666720845668e+00
1.357793159370954e+00
9.419697777354354e-01
5.620962162607215e-01
2.838560647687562e-01
1.553595731849214e-01
1.988249522580412e-01
4.067366430758003e-01
7.431448254773938e-01
1.149881468553195e+00
1.357793159370954e+00
1.764529802446754e+00
2.100937984848348e+00
2.308849675666107e+00
2.352315054739227e+00
2.223818563155393e+00
1.945578411663427e+00
1.565704850188713e+00
1.149881468553195e+00
7.700079070784805e-01
4.917677555865153e-01
3.632712640026805e-01
4.067366430758003e-01
6.146483338935593e-01
9.510565162951530e-01
1.357793159370954e+00
1.401258538444074e+00
1.807995181519874e+00
2.144403363921468e+00
2.352315054739227e+00
2.395780433812347e+00
2.267283942228512e+00
1.989043790736547e+00
1.609170229261833e+00
1.193346847626314e+00
8.134732861516003e-01
5.352331346596351e-01
4.067366430758003e-01
4.502020221489200e-01
6.581137129666791e-01
9.945218953682726e-01
1.401258538444074e+00
1.272762046860239e+00
1.679498689936039e+00
2.015906872337633e+00
2.223818563155393e+00
2.267283942228512e+00
2.138787450644678e+00
1.860547299152712e+00
1.480673737677999e+00
1.064850356042480e+00
6.849767945677657e-01
4.067366430758005e-01
2.782401514919657e-01
3.217055305650854e-01
5.296172213828445e-01
8.660254037844382e-01
1.272762046860239e+00
9.945218953682734e-01
1.401258538444073e+00
1.737666720845668e+00
1.945578411663427e+00
1.989043790736547e+00
1.860547299152712e+00
1.582307147660746e+00
1.202433586186033e+00
7.866102045505139e-01
4.067366430757999e-01
1.284964915838347e-01
-1.110223024625157e-16
4.346537907311965e-02
2.513770698908787e-01
5.877852522924722e-01
9.945218953682732e-01
6.146483338935599e-01
1.021384976969360e+00
1.357793159370954e+00
1.565704850188713e+00
1.609170229261833e+00
1.480673737677999e+00
1.202433586186033e+00
8.225600247113192e-01
4.067366430758004e-01
2.686308160108641e-02
-2.513770698908788e-01
-3.798735614747136e-01
-3.364081824015939e-01
-1.284964915838348e-01
2.079116908177588e-01
6.146483338935597e-01
1.988249522580411e-01
6.055615953338410e-01
9.419697777354354e-01
1.149881468553195e+00
1.193346847626314e+00
1.064850356042480e+00
7.866102045505139e-01
4.067366430758004e-01
-9.086738559718477e-03
-3.889603000344324e-01
-6.672004515263976e-01
-7.956969431102325e-01
-7.522315640371127e-01
-5.443198732193536e-01
-2.079116908177601e-01
1.988249522580408e-01
-1.810486092166729e-01
2.256880338591271e-01
5.620962162607215e-01
7.700079070784805e-01
8.134732861516003e-01
6.849767945677657e-01
4.067366430757999e-01
2.686308160108641e-02
-3.889603000344324e-01
-7.688338615091463e-01
-1.047074013001112e+00
-1.175570504584946e+00
-1.132105125511827e+00
-9.241934346940677e-01
-5.877852522924740e-01
-1.810486092166731e-01
-4.592887607086381e-01
-5.255211763283818e-02
2.838560647687562e-01
4.917677555865153e-01
5.352331346596351e-01
4.067366430758005e-01
1.284964915838347e-01
-2.513770698908788e-01
-6.672004515263976e-01
-1.047074013001112e+00
-1.325314164493077e+00
-1.453810656076912e+00
-1.410345277003792e+00
-1.202433586186033e+00
-8.660254037844393e-01
-4.592887607086383e-01
-5.877852522924729e-01
-1.810486092166730e-01
1.553595731849214e-01
3.632712640026805e-01
4.067366430758003e-01
2.782401514919657e-01
-1.110223024625157e-16
-3.798735614747136e-01
-7.956969431102325e-01
-1.175570504584946e+00
-1.453810656076912e+00
-1.582307147660746e+00
-1.538841768587627e+00
-1.330930077769868e+00
-9.945218953682740e-01
-5.877852522924731e-01
-5.443198732193532e-01
-1.375832301435532e-01
1.988249522580412e-01
4.067366430758003e-01
4.502020221489200e-01
3.217055305650854e-01
4.346537907311965e-02
-3.364081824015939e-01
-7.522315640371127e-01
-1.132105125511827e+00
-1.410345277003792e+00
-1.538841768587627e+00
-1.495376389514507e+00
-1.287464698696748e+00
-9.510565162951543e-01
-5.443198732193534e-01
-3.364081824015941e-01
7.032846067420584e-02
4.067366430758003e-01
6.146483338935593e-01
6.581137129666791e-01
5.296172213828445e-01
2.513770698908787e-01
-1.284964915838348e-01
-5.443198732193536e-01
-9.241934346940677e-01
-1.202433586186033e+00
-1.330930077769868e+00
-1.287464698696748e+00
-1.079553007878989e+00
-7.431448254773951e-01
-3.364081824015943e-01
-4.996003610813204e-16
4.067366430757994e-01
7.431448254773938e-01
9.510565162951530e-01
9.945218953682726e-01
8.660254037844382e-01
5.877852522924722e-01
2.079116908177588e-01
-2.079116908177601e-01
-5.877852522924740e-01
-8.660254037844393e-01
-9.945218953682740e-01
-9.510565162951543e-01
-7.431448254773951e-01
-4.067366430758016e-01
-7.216449660063518e-16
4.067366430758004e-01
8.134732861516003e-01
1.149881468553195e+00
1.357793159370954e+00
1.401258538444074e+00
1.272762046860239e+00
9.945218953682732e-01
6.146483338935597e-01
1.988249522580408e-01
-1.810486092166731e-01
-4.592887607086383e-01
-5.877852522924731e-01
-5.443198732193534e-01
-3.364081824015943e-01
-7.216449660063518e-16
4.067366430758002e-01
7.431448254773950e-01
1.149881468553195e+00
1.486289650954789e+00
1.694201341772549e+00
1.737666720845668e+00
1.609170229261834e+00
1.330930077769868e+00
9.510565162951543e-01
5.352331346596355e-01
1.553595731849216e-01
-1.228805783070437e-01
-2.513770698908785e-01
-2.079116908177587e-01
3.330669073875470e-16
3.364081824015939e-01
7.431448254773948e-01
1.149881468553195e+00
1.556618111628995e+00
1.893026294030589e+00
2.100937984848348e+00
2.144403363921468e+00
2.015906872337633e+00
1.737666720845668e+00
1.357793159370954e+00
9.419697777354354e-01
5.620962162607215e-01
2.838560647687562e-01
1.553595731849214e-01
1.988249522580412e-01
4.067366430758003e-01
7.431448254773938e-01
1.149881468553195e+00
1.486289650954789e+00
1.893026294030589e+00
2.229434476432184e+00
2.437346167249943e+00
2.480811546323062e+00
2.352315054739228e+00
2.074074903247262e+00
1.694201341772549e+00
1.278377960137030e+00
8.985043986623159e-01
6.202642471703507e-01
4.917677555865159e-01
5.352331346596356e-01
7.431448254773947e-01
1.079553007878988e+00
1.486289650954789e+00
1.694201341772549e+00
2.100937984848348e+00
2.437346167249943e+00
2.645257858067702e+00
2.688723237140822e+00
2.560226745556987e+00
2.281986594065021e+00
1.902113032590308e+00
1.486289650954789e+00
1.106416089480075e+00
8.281759379881097e-01
6.996794464042749e-01
7.431448254773947e-01
9.510565162951538e-01
1.287464698696748e+00
1.694201341772548e+00
1.737666720845668e+00
2.144403363921468e+00
2.480811546323062e+00
2.688723237140822e+00
2.732188616213941e+00
2.603692124630107e+00
2.325451973138141e+00
1.945578411663428e+00
1.529755030027909e+00
1.149881468553195e+00
8.716413170612295e-01
7.431448254773947e-01
7.866102045505144e-01
9.945218953682735e-01
1.330930077769867e+00
1.737666720845668e+00
1.609170229261834e+00
2.015906872337633e+00
2.352315054739228e+00
2.560226745556987e+00
2.603692124630107e+00
2.475195633046272e+00
2.196955481554306e+00
1.817081920079593e+00
1.401258538444074e+00
1.021384976969360e+00
7.431448254773949e-01
6.146483338935601e-01
6.581137129666799e-01
8.660254037844389e-01
1.202433586186032e+00
1.609170229261833e+00
1.330930077769868e+00
1.737666720845668e+00
2.074074903247262e+00
2.281986594065021e+00
2.325451973138141e+00
2.196955481554306e+00
1.918715330062341e+00
1.538841768587627e+00
1.123018386952108e+00
7.431448254773944e-01
4.649046739854291e-01
3.364081824015943e-01
3.798735614747141e-01
5.877852522924731e-01
9.241934346940668e-01
1.330930077769868e+00
9.510565162951543e-01
1.357793159370954e+00
1.694201341772549e+00
1.902113032590308e+00
1.945578411663428e+00
1.817081920079593e+00
1.538841768587627e+00
1.158968207112914e+00
7.431448254773948e-01
3.632712640026808e-01
8.503111251071560e-02
-4.346537907311920e-02
5.551115123125783e-16
2.079116908177596e-01
5.443198732193533e-01
9.510565162951541e-01
5.352331346596355e-01
9.419697777354354e-01
1.278377960137030e+00
1.486289650954789e+00
1.529755030027909e+00
1.401258538444074e+00
1.123018386952108e+00
7.431448254773948e-01
3.273214438418759e-01
-5.255211763283796e-02
-3.307922691248032e-01
-4.592887607086381e-01
-4.158233816355182e-01
-2.079116908177592e-01
1.284964915838344e-01
5.352331346596353e-01
1.553595731849216e-01
5.620962162607215e-01
8.985043986623159e-01
1.106416089480075e+00
1.149881468553195e+00
1.021384976969360e+00
7.431448254773944e-01
3.632712640026808e-01
-5.255211763283796e-02
-4.324256791075519e-01
-7.106658305995172e-01
-8.391623221833518e-01
-7.956969431102322e-01
-5.877852522924732e-01
-2.513770698908796e-01
1.553595731849213e-01
-1.228805783070437e-01
2.838560647687562e-01
6.202642471703507e-01
8.281759379881097e-01
8.716413170612295e-01
7.431448254773949e-01
4.649046739854291e-01
8.503111251071560e-02
-3.307922691248032e-01
-7.106658305995172e-01
-9.889059820914824e-01
-1.117402473675317e+00
-1.073937094602198e+00
-8.660254037844383e-01
-5.296172213828448e-01
-1.228805783070439e-01
-2.513770698908785e-01
1.553595731849214e-01
4.917677555865159e-01
6.996794464042749e-01
7.431448254773947e-01
6.146483338935601e-01
3.364081824015943e-01
-4.346537907311920e-02
-4.592887607086381e-01
-8.391623221833518e-01
-1.117402473675317e+00
-1.245898965259152e+00
-1.202433586186032e+00
-9.945218953682732e-01
-6.581137129666795e-01
-2.513770698908787e-01
-2.079116908177587e-01
1.988249522580412e-01
5.352331346596356e-01
7.431448254773947e-01
7.866102045505144e-01
6.581137129666799e-01
3.798735614747141e-01
5.551115123125783e-16
-4.158233816355182e-01
-7.956969431102322e-01
-1.073937094602198e+00
-1.202433586186032e+00
-1.158968207112912e+00
-9.510565162951535e-01
-6.146483338935599e-01
-2.079116908177590e-01
3.330669073875470e-16
4.067366430758003e-01
7.431448254773947e-01
9.510565162951538e-01
9.945218953682735e-01
8.660254037844389e-01
5.877852522924731e-01
2.079116908177596e-01
-2.079116908177592e-01
-5.877852522924732e-01
-8.660254037844383e-01
-9.945218953682732e-01
-9.510565162951535e-01
-7.431448254773944e-01
-4.067366430758007e-01
1.110223024625157e-16
3.364081824015939e-01
7.431448254773938e-01
1.079553007878988e+00
1.287464698696748e+00
1.330930077769867e+00
1.202433586186032e+00
9.241934346940668e-01
5.443198732193533e-01
1.284964915838344e-01
-2.513770698908796e-01
-5.296172213828448e-01
-6.581137129666795e-01
-6.146483338935599e-01
-4.067366430758007e-01
-7.032846067420717e-02
3.364081824015937e-01
7.431448254773948e-01
1.149881468553195e+00
1.486289650954789e+00
1.694201341772548e+00
1.737666720845668e+00
1.609170229261833e+00
1.330930077769868e+00
9.510565162951541e-01
5.352331346596353e-01
1.553595731849213e-01
-1.228805783070439e-01
-2.513770698908787e-01
-2.079116908177590e-01
1.110223024625157e-16
3.364081824015937e-01
7.431448254773946e-01
9.510565162951541e-01
1.357793159370954e+00
1.694201341772549e+00
1.902113032590308e+00
1.945578411663427e+00
1.817081920079593e+00
1.538841768587627e+00
1.158968207112913e+00
7.431448254773946e-01
3.632712640026806e-01
8.503111251071538e-02
-4.346537907311943e-02
3.330669073875470e-16
2.079116908177594e-01
5.443198732193530e-01
9.510565162951539e-01
1.357793159370954e+00
1.764529802446754e+00
2.100937984848348e+00
2.308849675666107e+00
2.352315054739227e+00
2.223818563155393e+00
1.945578411663427e+00
1.565704850188713e+00
1.149881468553194e+00
7.700079070784805e-01
4.917677555865153e-01
3.632712640026805e-01
4.067366430758003e-01
6.146483338935593e-01
9.510565162951530e-01
1.357793159370954e+00
1.694201341772549e+00
2.100937984848348e+00
2.437346167249943e+00
2.645257858067702e+00
2.688723237140822e+00
2.560226745556987e+00
2.281986594065021e+00
1.902113032590308e+00
1.486289650954789e+00
1.106416089480075e+00
8.281759379881097e-01
6.996794464042749e-01
7.431448254773947e-01
9.510565162951538e-01
1.287464698696747e+00
1.694201341772548e+00
1.902113032590308e+00
2.308849675666107e+00
2.645257858067702e+00
2.853169548885461e+00
2.896634927958581e+00
2.768138436374746e+00
2.489898284882780e+00
2.110024723408067e+00
1.694201341772548e+00
1.314327780297834e+00
1.036087628805869e+00
9.075911372220340e-01
9.510565162951538e-01
1.158968207112913e+00
1.495376389514506e+00
1.902113032590307e+00
1.945578411663427e+00
2.352315054739227e+00
2.688723237140822e+00
2.896634927958581e+00
2.940100307031701e+00
2.811603815447866e+00
2.533363663955900e+00
2.153490102481187e+00
1.737666720845668e+00
1.357793159370954e+00
1.079553007878989e+00
9.510565162951538e-01
9.945218953682735e-01
1.202433586186033e+00
1.538841768587626e+00
1.945578411663427e+00
1.817081920079593e+00
2.223818563155393e+00
2.560226745556987e+00
2.768138436374746e+00
2.811603815447866e+00
2.683107323864031e+00
2.404867172372065e+00
2.024993610897352e+00
1.609170229261833e+00
1.229296667787119e+00
9.510565162951540e-01
8.225600247113192e-01
8.660254037844389e-01
1.073937094602198e+00
1.410345277003792e+00
1.817081920079592e+00
1.538841768587627e+00
1.945578411663427e+00
2.281986594065021e+00
2.489898284882780e+00
2.533363663955900e+00
2.404867172372065e+00
2.126627020880099e+00
1.746753459405386e+00
1.330930077769867e+00
9.510565162951534e-01
6.728163648031882e-01
5.443198732193534e-01
5.877852522924731e-01
7.956969431102322e-01
1.132105125511826e+00
1.538841768587627e+00
1.158968207112913e+00
1.565704850188713e+00
1.902113032590308e+00
2.110024723408067e+00
2.153490102481187e+00
2.024993610897352e+00
1.746753459405386e+00
1.366879897930673e+00
9.510565162951539e-01
5.711829548204399e-01
2.929428033284747e-01
1.644463117446399e-01
2.079116908177596e-01
4.158233816355187e-01
7.522315640371122e-01
1.158968207112913e+00
7.431448254773946e-01
1.149881468553194e+00
1.486289650954789e+00
1.694201341772548e+00
1.737666720845668e+00
1.609170229261833e+00
1.330930077769867e+00
9.510565162951539e-01
5.352331346596351e-01
1.553595731849211e-01
-1.228805783070441e-01
-2.513770698908790e-01
-2.079116908177592e-01
-1.110223024625157e-16
3.364081824015934e-01
7.431448254773944e-01
3.632712640026806e-01
7.700079070784805e-01
1.106416089480075e+00
1.314327780297834e+00
1.357793159370954e+00
1.229296667787119e+00
9.510565162951534e-01
5.711829548204399e-01
1.553595731849211e-01
-2.245139882897929e-01
-5.027541397817581e-01
-6.312506313655928e-01
-5.877852522924731e-01
-3.798735614747142e-01
-4.346537907312054e-02
3.632712640026804e-01
8.503111251071538e-02
4.917677555865153e-01
8.281759379881097e-01
1.036087628805869e+00
1.079553007878989e+00
9.510565162951540e-01
6.728163648031882e-01
2.929428033284747e-01
-1.228805783070441e-01
-5.027541397817581e-01
-7.809942912737233e-01
-9.094907828575582e-01
-8.660254037844384e-01
-6.581137129666792e-01
-3.217055305650858e-01
8.503111251071516e-02
-4.346537907311943e-02
3.632712640026805e-01
6.996794464042749e-01
9.075911372220340e-01
9.510565162951538e-01
8.225600247113192e-01
5.443198732193534e-01
1.644463117446399e-01
-2.513770698908790e-01
-6.312506313655928e-01
-9.094907828575582e-01
-1.037987274441393e+00
-9.945218953682731e-01
-7.866102045505141e-01
-4.502020221489205e-01
-4.346537907311965e-02
3.330669073875470e-16
4.067366430758003e-01
7.431448254773947e-01
9.510565162951538e-01
9.945218953682735e-01
8.660254037844389e-01
5.877852522924731e-01
2.079116908177596e-01
-2.079116908177592e-01
-5.877852522924731e-01
-8.660254037844384e-01
-9.945218953682731e-01
-9.510565162951534e-01
-7.431448254773945e-01
-4.067366430758008e-01
1.110223024625157e-16
2.079116908177594e-01
6.146483338935593e-01
9.510565162951538e-01
1.158968207112913e+00
1.202433586186033e+00
1.073937094602198e+00
7.956969431102322e-01
4.158233816355187e-01
-1.110223024625157e-16
-3.798735614747142e-01
-6.581137129666792e-01
-7.866102045505141e-01
-7.431448254773945e-01
-5.352331346596353e-01
-1.988249522580416e-01
2.079116908177592e-01
5.443198732193530e-01
9.510565162951530e-01
1.287464698696747e+00
1.495376389514506e+00
1.538841768587626e+00
1.410345277003792e+00
1.132105125511826e+00
7.522315640371122e-01
3.364081824015934e-01
-4.346537907312054e-02
-3.217055305650858e-01
-4.502020221489205e-01
-4.067366430758008e-01
-1.988249522580416e-01
1.375832301435519e-01
5.443198732193528e-01
9.510565162951539e-01
1.357793159370954e+00
1.694201341772548e+00
1.902113032590307e+00
1.945578411663427e+00
1.817081920079592e+00
1.538841768587627e+00
1.158968207112913e+00
7.431448254773944e-01
3.632712640026804e-01
8.503111251071516e-02
-4.346537907311965e-02
1.110223024625157e-16
2.079116908177592e-01
5.443198732193528e-01
9.510565162951536e-01
9.945218953682738e-01
1.401258538444074e+00
1.737666720845668e+00
1.945578411663427e+00
1.989043790736547e+00
1.860547299152712e+00
1.582307147660747e+00
1.202433586186033e+00
7.866102045505143e-01
4.067366430758004e-01
1.284964915838351e-01
3.330669073875470e-16
4.346537907312009e-02
2.513770698908792e-01
5.877852522924727e-01
9.945218953682736e-01
1.401258538444074e+00
1.807995181519874e+00
2.144403363921468e+00
2.352315054739227e+00
2.395780433812347e+00
2.267283942228512e+00
1.989043790736547e+00
1.609170229261833e+00
1.193346847626314e+00
8.134732861516003e-01
5.352331346596351e-01
4.067366430758003e-01
4.502020221489200e-01
6.581137129666791e-01
9.945218953682726e-01
1.401258538444074e+00
1.737666720845668e+00
2.144403363921468e+00
2.480811546323062e+00
2.688723237140822e+00
2.732188616213941e+00
2.603692124630107e+00
2.325451973138141e+00
1.945578411663428e+00
1.529755030027909e+00
1.149881468553195e+00
8.716413170612295e-01
7.431448254773947e-01
7.866102045505144e-01
9.945218953682735e-01
1.330930077769867e+00
1.737666720845668e+00
1.945578411663427e+00
2.352315054739227e+00
2.688723237140822e+00
2.896634927958581e+00
2.940100307031701e+00
2.811603815447866e+00
2.533363663955900e+00
2.153490102481187e+00
1.737666720845668e+00
1.357793159370954e+00
1.079553007878989e+00
9.510565162951538e-01
9.945218953682735e-01
1.202433586186033e+00
1.538841768587626e+00
1.945578411663427e+00
1.989043790736547e+00
2.395780433812347e+00
2.732188616213941e+00
2.940100307031701e+00
2.983565686104820e+00
2.855069194520986e+00
2.576829043029020e+00
2.196955481554306e+00
1.781132099918787e+00
1.401258538444074e+00
1.123018386952108e+00
9.945218953682735e-01
1.037987274441393e+00
1.245898965259152e+00
1.582307147660746e+00
1.989043790736547e+00
1.860547299152712e+00
2.267283942228512e+00
2.603692124630107e+00
2.811603815447866e+00
2.855069194520986e+00
2.726572702937151e+00
2.448332551445185e+00
2.068458989970472e+00
1.652635608334953e+00
1.272762046860239e+00
9.945218953682737e-01
8.660254037844389e-01
9.094907828575587e-01
1.117402473675318e+00
1.453810656076911e+00
1.860547299152712e+00
1.582307147660747e+00
1.989043790736547e+00
2.325451973138141e+00
2.533363663955900e+00
2.576829043029020e+00
2.448332551445185e+00
2.170092399953219e+00
1.790218838478506e+00
1.374395456842987e+00
9.945218953682732e-01
7.162817438763079e-01
5.877852522924731e-01
6.312506313655929e-01
8.391623221833520e-01
1.175570504584946e+00
1.582307147660746e+00
1.202433586186033e+00
1.609170229261833e+00
1.945578411663428e+00
2.153490102481187e+00
2.196955481554306e+00
2.068458989970472e+00
1.790218838478506e+00
1.410345277003792e+00
9.945218953682736e-01
6.146483338935597e-01
3.364081824015944e-01
2.079116908177596e-01
2.513770698908794e-01
4.592887607086384e-01
7.956969431102321e-01
1.202433586186033e+00
7.866102045505143e-01
1.193346847626314e+00
1.529755030027909e+00
1.737666720845668e+00
1.781132099918787e+00
1.652635608334953e+00
1.374395456842987e+00
9.945218953682736e-01
5.786985137327547e-01
1.988249522580409e-01
-7.941519923392437e-02
-2.079116908177593e-01
-1.644463117446394e-01
4.346537907311965e-02
3.798735614747132e-01
7.866102045505141e-01
4.067366430758004e-01
8.134732861516003e-01
1.149881468553195e+00
1.357793159370954e+00
1.401258538444074e+00
1.272762046860239e+00
9.945218953682732e-01
6.146483338935597e-01
1.988249522580409e-01
-1.810486092166731e-01
-4.592887607086383e-01
-5.877852522924730e-01
-5.443198732193534e-01
-3.364081824015944e-01
-7.771561172376096e-16
4.067366430758002e-01
1.284964915838351e-01
5.352331346596351e-01
8.716413170612295e-01
1.079553007878989e+00
1.123018386952108e+00
9.945218953682737e-01
7.162817438763079e-01
3.364081824015944e-01
-7.941519923392437e-02
-4.592887607086383e-01
-7.375289122006036e-01
-8.660254037844385e-01
-8.225600247113186e-01
-6.146483338935594e-01
-2.782401514919660e-01
1.284964915838349e-01
3.330669073875470e-16
4.067366430758003e-01
7.431448254773947e-01
9.510565162951538e-01
9.945218953682735e-01
8.660254037844389e-01
5.877852522924731e-01
2.079116908177596e-01
-2.079116908177593e-01
-5.877852522924730e-01
-8.660254037844385e-01
-9.945218953682732e-01
-9.510565162951533e-01
-7.431448254773944e-01
-4.067366430758007e-01
1.110223024625157e-16
4.346537907312009e-02
4.502020221489200e-01
7.866102045505144e-01
9.945218953682735e-01
1.037987274441393e+00
9.094907828575587e-01
6.312506313655929e-01
2.513770698908794e-01
-1.644463117446394e-01
-5.443198732193534e-01
-8.225600247113186e-01
-9.510565162951533e-01
-9.075911372220337e-01
-6.996794464042747e-01
-3.632712640026811e-01
4.346537907311987e-02
2.513770698908792e-01
6.581137129666791e-01
9.945218953682735e-01
1.202433586186033e+00
1.245898965259152e+00
1.117402473675318e+00
8.391623221833520e-01
4.592887607086384e-01
4.346537907311965e-02
-3.364081824015944e-01
-6.146483338935594e-01
-7.431448254773944e-01
-6.996794464042747e-01
-4.917677555865155e-01
-1.553595731849219e-01
2.513770698908789e-01
5.877852522924727e-01
9.945218953682726e-01
1.330930077769867e+00
1.538841768587626e+00
1.582307147660746e+00
1.453810656076911e+00
1.175570504584946e+00
7.956969431102321e-01
3.798735614747132e-01
-7.771561172376096e-16
-2.782401514919660e-01
-4.067366430758007e-01
-3.632712640026811e-01
-1.553595731849219e-01
1.810486092166717e-01
5.877852522924725e-01
9.945218953682736e-01
1.401258538444074e+00
1.737666720845668e+00
1.945578411663427e+00
1.989043790736547e+00
1.860547299152712e+00
1.582307147660746e+00
1.202433586186033e+00
7.866102045505141e-01
4.067366430758002e-01
1.284964915838349e-01
1.110223024625157e-16
4.346537907311987e-02
2.513770698908789e-01
5.877852522924725e-01
9.945218953682734e-01
8.660254037844393e-01
1.272762046860239e+00
1.609170229261834e+00
1.817081920079593e+00
1.860547299152712e+00
1.732050807568878e+00
1.453810656076912e+00
1.073937094602199e+00
6.581137129666798e-01
2.782401514919658e-01
5.551115123125783e-16
-1.284964915838342e-01
-8.503111251071449e-02
1.228805783070446e-01
4.592887607086382e-01
8.660254037844390e-01
1.272762046860239e+00
1.679498689936039e+00
2.015906872337633e+00
2.223818563155393e+00
2.267283942228512e+00
2.138787450644678e+00
1.860547299152712e+00
1.480673737677999e+00
1.064850356042480e+00
6.849767945677657e-01
4.067366430758005e-01
2.782401514919657e-01
3.217055305650854e-01
5.296172213828445e-01
8.660254037844382e-01
1.272762046860239e+00
1.609170229261834e+00
2.015906872337633e+00
2.352315054739228e+00
2.560226745556987e+00
2.603692124630107e+00
2.475195633046272e+00
2.196955481554307e+00
1.817081920079593e+00
1.401258538444074e+00
1.021384976969360e+00
7.431448254773949e-01
6.146483338935601e-01
6.581137129666799e-01
8.660254037844389e-01
1.202433586186032e+00
1.609170229261833e+00
1.817081920079593e+00
2.223818563155393e+00
2.560226745556987e+00
2.768138436374746e+00
2.811603815447866e+00
2.683107323864031e+00
2.404867172372065e+00
2.024993610897352e+00
1.609170229261833e+00
1.229296667787119e+00
9.510565162951540e-01
8.225600247113192e-01
8.660254037844389e-01
1.073937094602198e+00
1.410345277003792e+00
1.817081920079592e+00
1.860547299152712e+00
2.267283942228512e+00
2.603692124630107e+00
2.811603815447866e+00
2.855069194520985e+00
2.726572702937151e+00
2.448332551445185e+00
2.068458989970472e+00
1.652635608334953e+00
1.272762046860239e+00
9.945218953682737e-01
8.660254037844389e-01
9.094907828575587e-01
1.117402473675318e+00
1.453810656076911e+00
1.860547299152712e+00
1.732050807568878e+00
2.138787450644678e+00
2.475195633046272e+00
2.683107323864031e+00
2.726572702937151e+00
2.598076211353316e+00
2.319836059861351e+00
1.939962498386637e+00
1.524139116751118e+00
1.144265555276404e+00
8.660254037844392e-01
7.375289122006043e-01
7.809942912737241e-01
9.889059820914832e-01
1.325314164493077e+00
1.732050807568878e+00
1.453810656076912e+00
1.860547299152712e+00
2.196955481554307e+00
2.404867172372065e+00
2.448332551445185e+00
2.319836059861351e+00
2.041595908369385e+00
1.661722346894671e+00
1.245898965259153e+00
8.660254037844386e-01
5.877852522924734e-01
4.592887607086386e-01
5.027541397817583e-01
7.106658305995174e-01
1.047074013001111e+00
1.453810656076912e+00
1.073937094602199e+00
1.480673737677999e+00
1.817081920079593e+00
2.024993610897352e+00
2.068458989970472e+00
1.939962498386637e+00
1.661722346894671e+00
1.281848785419958e+00
8.660254037844390e-01
4.861518423097251e-01
2.079116908177598e-01
7.941519923392504e-02
1.228805783070448e-01
3.307922691248039e-01
6.672004515263974e-01
1.073937094602198e+00
6.581137129666798e-01
1.064850356042480e+00
1.401258538444074e+00
1.609170229261833e+00
1.652635608334953e+00
1.524139116751118e+00
1.245898965259153e+00
8.660254037844390e-01
4.502020221489202e-01
7.032846067420628e-02
-2.079116908177590e-01
-3.364081824015939e-01
-2.929428033284740e-01
-8.503111251071493e-02
2.513770698908786e-01
6.581137129666795e-01
2.782401514919658e-01
6.849767945677657e-01
1.021384976969360e+00
1.229296667787119e+00
1.272762046860239e+00
1.144265555276404e+00
8.660254037844386e-01
4.861518423097251e-01
7.032846067420628e-02
-3.095451008005077e-01
-5.877852522924729e-01
-7.162817438763076e-01
-6.728163648031880e-01
-4.649046739854290e-01
-1.284964915838354e-01
2.782401514919656e-01
5.551115123125783e-16
4.067366430758005e-01
7.431448254773949e-01
9.510565162951540e-01
9.945218953682737e-01
8.660254037844392e-01
5.877852522924734e-01
2.079116908177598e-01
-2.079116908177590e-01
-5.877852522924729e-01
-8.660254037844382e-01
-9.945218953682731e-01
-9.510565162951532e-01
-7.431448254773940e-01
-4.067366430758006e-01
3.330669073875470e-16
-1.284964915838342e-01
2.782401514919657e-01
6.146483338935601e-01
8.225600247113192e-01
8.660254037844389e-01
7.375289122006043e-01
4.592887607086386e-01
7.941519923392504e-02
-3.364081824015939e-01
-7.162817438763076e-01
-9.945218953682731e-01
-1.123018386952108e+00
-1.079553007878988e+00
-8.716413170612289e-01
-5.352331346596353e-01
-1.284964915838345e-01
-8.503111251071449e-02
3.217055305650854e-01
6.581137129666799e-01
8.660254037844389e-01
9.094907828575587e-01
7.809942912737241e-01
5.027541397817583e-01
1.228805783070448e-01
-2.929428033284740e-01
-6.728163648031880e-01
-9.510565162951532e-01
-1.079553007878988e+00
-1.036087628805868e+00
-8.281759379881093e-01
-4.917677555865156e-01
-8.503111251071471e-02
1.228805783070446e-01
5.296172213828445e-01
8.660254037844389e-01
1.073937094602198e+00
1.117402473675318e+00
9.889059820914832e-01
7.106658305995174e-01
3.307922691248039e-01
-8.503111251071493e-02
-4.649046739854290e-01
-7.431448254773940e-01
-8.716413170612289e-01
-8.281759379881093e-01
-6.202642471703501e-01
-2.838560647687565e-01
1.228805783070444e-01
4.592887607086382e-01
8.660254037844382e-01
1.202433586186032e+00
1.410345277003792e+00
1.453810656076911e+00
1.325314164493077e+00
1.047074013001111e+00
6.672004515263974e-01
2.513770698908786e-01
-1.284964915838354e-01
-4.067366430758006e-01
-5.352331346596353e-01
-4.917677555865156e-01
-2.838560647687565e-01
5.255211763283707e-02
4.592887607086379e-01
8.660254037844390e-01
1.272762046860239e+00
1.609170229261833e+00
1.817081920079592e+00
1.860547299152712e+00
1.732050807568878e+00
1.453810656076912e+00
1.073937094602198e+00
6.581137129666795e-01
2.782401514919656e-01
3.330669073875470e-16
-1.284964915838345e-01
-8.503111251071471e-02
1.228805783070444e-01
4.592887607086379e-01
8.660254037844388e-01
5.877852522924735e-01
9.945218953682734e-01
1.330930077769868e+00
1.538841768587627e+00
1.582307147660747e+00
1.453810656076912e+00
1.175570504584946e+00
7.956969431102328e-01
3.798735614747140e-01
0.000000000000000e+00
-2.782401514919652e-01
-4.067366430758000e-01
-3.632712640026803e-01
-1.553595731849212e-01
1.810486092166724e-01
5.877852522924732e-01
9.945218953682734e-01
1.401258538444073e+00
1.737666720845668e+00
1.945578411663427e+00
1.989043790736547e+00
1.860547299152712e+00
1.582307147660746e+00
1.202433586186033e+00
7.866102045505139e-01
4.067366430757999e-01
1.284964915838347e-01
-1.110223024625157e-16
4.346537907311965e-02
2.513770698908787e-01
5.877852522924722e-01
9.945218953682732e-01
1.330930077769868e+00
1.737666720845668e+00
2.074074903247262e+00
2.281986594065021e+00
2.325451973138141e+00
2.196955481554306e+00
1.918715330062341e+00
1.538841768587627e+00
1.123018386952108e+00
7.431448254773944e-01
4.649046739854291e-01
3.364081824015943e-01
3.798735614747141e-01
5.877852522924731e-01
9.241934346940668e-01
1.330930077769868e+00
1.538841768587627e+00
1.945578411663427e+00
2.281986594065021e+00
2.489898284882780e+00
2.533363663955900e+00
2.404867172372065e+00
2.126627020880099e+00
1.746753459405386e+00
1.330930077769867e+00
9.510565162951534e-01
6.728163648031882e-01
5.443198732193534e-01
5.877852522924731e-01
7.956969431102322e-01
1.132105125511826e+00
1.538841768587627e+00
1.582307147660747e+00
1.989043790736547e+00
2.325451973138141e+00
2.533363663955900e+00
2.576829043029020e+00
2.448332551445185e+00
2.170092399953219e+00
1.790218838478506e+00
1.374395456842987e+00
9.945218953682732e-01
7.162817438763079e-01
5.877852522924731e-01
6.312506313655929e-01
8.391623221833520e-01
1.175570504584945e+00
1.582307147660746e+00
1.453810656076912e+00
1.860547299152712e+00
2.196955481554306e+00
2.404867172372065e+00
2.448332551445185e+00
2.319836059861351e+00
2.041595908369385e+00
1.661722346894671e+00
1.245898965259153e+00
8.660254037844386e-01
5.877852522924734e-01
4.592887607086386e-01
5.027541397817583e-01
7.106658305995174e-01
1.047074013001111e+00
1.453810656076912e+00
1.175570504584946e+00
1.582307147660746e+00
1.918715330062341e+00
2.126627020880099e+00
2.170092399953219e+00
2.041595908369385e+00
1.763355756877419e+00
1.383482195402705e+00
9.676588137671868e-01
5.877852522924728e-01
3.095451008005076e-01
1.810486092166728e-01
2.245139882897925e-01
4.324256791075516e-01
7.688338615091452e-01
1.175570504584946e+00
7.956969431102328e-01
1.202433586186033e+00
1.538841768587627e+00
1.746753459405386e+00
1.790218838478506e+00
1.661722346894671e+00
1.383482195402705e+00
1.003608633927992e+00
5.877852522924732e-01
2.079116908177593e-01
-7.032846067420595e-02
-1.988249522580408e-01
-1.553595731849210e-01
5.255211763283807e-02
3.889603000344317e-01
7.956969431102325e-01
3.798735614747140e-01
7.866102045505139e-01
1.123018386952108e+00
1.330930077769867e+00
1.374395456842987e+00
1.245898965259153e+00
9.676588137671868e-01
5.877852522924732e-01
1.719618706569544e-01
-2.079116908177595e-01
-4.861518423097247e-01
-6.146483338935597e-01
-5.711829548204398e-01
-3.632712640026807e-01
-2.686308160108719e-02
3.798735614747137e-01
0.000000000000000e+00
4.067366430757999e-01
7.431448254773944e-01
9.510565162951534e-01
9.945218953682732e-01
8.660254037844386e-01
5.877852522924728e-01
2.079116908177593e-01
-2.079116908177595e-01
-5.877852522924735e-01
-8.660254037844387e-01
-9.945218953682734e-01
-9.510565162951538e-01
-7.431448254773948e-01
-4.067366430758012e-01
-2.220446049250313e-16
-2.782401514919652e-01
1.284964915838347e-01
4.649046739854291e-01
6.728163648031882e-01
7.162817438763079e-01
5.877852522924734e-01
3.095451008005076e-01
-7.032846067420595e-02
-4.861518423097247e-01
-8.660254037844387e-01
-1.144265555276404e+00
-1.272762046860239e+00
-1.229296667787119e+00
-1.021384976969360e+00
-6.849767945677664e-01
-2.782401514919655e-01
-4.067366430758000e-01
-1.110223024625157e-16
3.364081824015943e-01
5.443198732193534e-01
5.877852522924731e-01
4.592887607086386e-01
1.810486092166728e-01
-1.988249522580408e-01
-6.146483338935597e-01
-9.945218953682734e-01
-1.272762046860239e+00
-1.401258538444074e+00
-1.357793159370954e+00
-1.149881468553195e+00
-8.134732861516011e-01
-4.067366430758003e-01
-3.632712640026803e-01
4.346537907311965e-02
3.798735614747141e-01
5.877852522924731e-01
6.312506313655929e-01
5.027541397817583e-01
2.245139882897925e-01
-1.553595731849210e-01
-5.711829548204398e-01
-9.510565162951538e-01
-1.229296667787119e+00
-1.357793159370954e+00
-1.314327780297834e+00
-1.106416089480075e+00
-7.700079070784814e-01
-3.632712640026805e-01
-1.553595731849212e-01
2.513770698908787e-01
5.877852522924731e-01
7.956969431102322e-01
8.391623221833520e-01
7.106658305995174e-01
4.324256791075516e-01
5.255211763283807e-02
-3.632712640026807e-01
-7.431448254773948e-01
-1.021384976969360e+00
-1.149881468553195e+00
-1.106416089480075e+00
-8.985043986623159e-01
-5.620962162607223e-01
-1.553595731849214e-01
1.810486092166724e-01
5.877852522924722e-01
9.241934346940668e-01
1.132105125511826e+00
1.175570504584945e+00
1.047074013001111e+00
7.688338615091452e-01
3.889603000344317e-01
-2.686308160108719e-02
-4.067366430758012e-01
-6.849767945677664e-01
-8.134732861516011e-01
-7.700079070784814e-01
-5.620962162607223e-01
-2.256880338591287e-01
1.810486092166722e-01
5.877852522924732e-01
9.945218953682732e-01
1.330930077769868e+00
1.538841768587627e+00
1.582307147660746e+00
1.453810656076912e+00
1.175570504584946e+00
7.956969431102325e-01
3.798735614747137e-01
-2.220446049250313e-16
-2.782401514919655e-01
-4.067366430758003e-01
-3.632712640026805e-01
-1.553595731849214e-01
1.810486092166722e-01
5.877852522924730e-01
2.079116908177600e-01
6.146483338935599e-01
9.510565162951543e-01
1.158968207112913e+00
1.202433586186033e+00
1.073937094602198e+00
7.956969431102328e-01
4.158233816355192e-01
4.440892098500626e-16
-3.798735614747135e-01
-6.581137129666788e-01
-7.866102045505136e-01
-7.431448254773938e-01
-5.352331346596347e-01
-1.988249522580411e-01
2.079116908177598e-01
6.146483338935599e-01
1.021384976969360e+00
1.357793159370954e+00
1.565704850188713e+00
1.609170229261833e+00
1.480673737677999e+00
1.202433586186033e+00
8.225600247113192e-01
4.067366430758004e-01
2.686308160108641e-02
-2.513770698908788e-01
-3.798735614747136e-01
-3.364081824015939e-01
-1.284964915838348e-01
2.079116908177588e-01
6.146483338935597e-01
9.510565162951543e-01
1.357793159370954e+00
1.694201341772549e+00
1.902113032590308e+00
1.945578411663428e+00
1.817081920079593e+00
1.538841768587627e+00
1.158968207112914e+00
7.431448254773948e-01
3.632712640026808e-01
8.503111251071560e-02
-4.346537907311920e-02
5.551115123125783e-16
2.079116908177596e-01
5.443198732193533e-01
9.510565162951541e-01
1.158968207112913e+00
1.565704850188713e+00
1.902113032590308e+00
2.110024723408067e+00
2.153490102481187e+00
2.024993610897352e+00
1.746753459405386e+00
1.366879897930673e+00
9.510565162951539e-01
5.711829548204399e-01
2.929428033284747e-01
1.644463117446399e-01
2.079116908177596e-01
4.158233816355187e-01
7.522315640371123e-01
1.158968207112913e+00
1.202433586186033e+00
1.609170229261833e+00
1.945578411663428e+00
2.153490102481187e+00
2.196955481554306e+00
2.068458989970472e+00
1.790218838478506e+00
1.410345277003792e+00
9.945218953682736e-01
6.146483338935597e-01
3.364081824015944e-01
2.079116908177596e-01
2.513770698908794e-01
4.592887607086384e-01
7.956969431102320e-01
1.202433586186033e+00
1.073937094602198e+00
1.480673737677999e+00
1.817081920079593e+00
2.024993610897352e+00
2.068458989970472e+00
1.939962498386637e+00
1.661722346894671e+00
1.281848785419958e+00
8.660254037844390e-01
4.861518423097251e-01
2.079116908177598e-01
7.941519923392504e-02
1.228805783070448e-01
3.307922691248039e-01
6.672004515263974e-01
1.073937094602198e+00
7.956969431102328e-01
1.202433586186033e+00
1.538841768587627e+00
1.746753459405386e+00
1.790218838478506e+00
1.661722346894671e+00
1.383482195402705e+00
1.003608633927992e+00
5.877852522924732e-01
2.079116908177593e-01
-7.032846067420595e-02
-1.988249522580408e-01
-1.553595731849210e-01
5.255211763283807e-02
3.889603000344317e-01
7.956969431102325e-01
4.158233816355192e-01
8.225600247113192e-01
1.158968207112914e+00
1.366879897930673e+00
1.410345277003792e+00
1.281848785419958e+00
1.003608633927992e+00
6.237350724532785e-01
2.079116908177597e-01
-1.719618706569542e-01
-4.502020221489195e-01
-5.786985137327543e-01
-5.352331346596345e-01
-3.273214438418754e-01
9.086738559718144e-03
4.158233816355190e-01
4.440892098500626e-16
4.067366430758004e-01
7.431448254773948e-01
9.510565162951539e-01
9.945218953682736e-01
8.660254037844390e-01
5.877852522924732e-01
2.079116908177597e-01
-2.079116908177591e-01
-5.877852522924730e-01
-8.660254037844383e-01
-9.945218953682732e-01
-9.510565162951533e-01
-7.431448254773942e-01
-4.067366430758007e-01
1.942890293094024e-16
-3.798735614747135e-01
2.686308160108641e-02
3.632712640026808e-01
5.711829548204399e-01
6.146483338935597e-01
4.861518423097251e-01
2.079116908177593e-01
-1.719618706569542e-01
-5.877852522924730e-01
-9.676588137671870e-01
-1.245898965259152e+00
-1.374395456842987e+00
-1.330930077769867e+00
-1.123018386952108e+00
-7.866102045505147e-01
-3.798735614747137e-01
-6.581137129666788e-01
-2.513770698908788e-01
8.503111251071560e-02
2.929428033284747e-01
3.364081824015944e-01
2.079116908177598e-01
-7.032846067420595e-02
-4.502020221489195e-01
-8.660254037844383e-01
-1.245898965259152e+00
-1.524139116751118e+00
-1.652635608334952e+00
-1.609170229261832e+00
-1.401258538444073e+00
-1.064850356042480e+00
-6.581137129666790e-01
-7.866102045505136e-01
-3.798735614747136e-01
-4.346537907311920e-02
1.644463117446399e-01
2.079116908177596e-01
7.941519923392504e-02
-1.988249522580408e-01
-5.786985137327543e-01
-9.945218953682732e-01
-1.374395456842987e+00
-1.652635608334952e+00
-1.781132099918787e+00
-1.737666720845667e+00
-1.529755030027908e+00
-1.193346847626314e+00
-7.866102045505138e-01
-7.431448254773938e-01
-3.364081824015939e-01
5.551115123125783e-16
2.079116908177596e-01
2.513770698908794e-01
1.228805783070448e-01
-1.553595731849210e-01
-5.352331346596345e-01
-9.510565162951533e-01
-1.330930077769867e+00
-1.609170229261832e+00
-1.737666720845667e+00
-1.694201341772548e+00
-1.486289650954788e+00
-1.149881468553195e+00
-7.431448254773940e-01
-5.352331346596347e-01
-1.284964915838348e-01
2.079116908177596e-01
4.158233816355187e-01
4.592887607086384e-01
3.307922691248039e-01
5.255211763283807e-02
-3.273214438418754e-01
-7.431448254773942e-01
-1.123018386952108e+00
-1.401258538444073e+00
-1.529755030027908e+00
-1.486289650954788e+00
-1.278377960137029e+00
-9.419697777354358e-01
-5.352331346596350e-01
-1.988249522580411e-01
2.079116908177588e-01
5.443198732193533e-01
7.522315640371123e-01
7.956969431102320e-01
6.672004515263974e-01
3.889603000344317e-01
9.086738559718144e-03
-4.067366430758007e-01
-7.866102045505147e-01
-1.064850356042480e+00
-1.193346847626314e+00
-1.149881468553195e+00
-9.419697777354358e-01
-6.055615953338422e-01
-1.988249522580414e-01
2.079116908177598e-01
6.146483338935597e-01
9.510565162951541e-01
1.158968207112913e+00
1.202433586186033e+00
1.073937094602198e+00
7.956969431102325e-01
4.158233816355190e-01
1.942890293094024e-16
-3.798735614747137e-01
-6.581137129666790e-01
-7.866102045505138e-01
-7.431448254773940e-01
-5.352331346596350e-01
-1.988249522580414e-01
2.079116908177595e-01
-2.079116908177588e-01
1.988249522580411e-01
5.352331346596355e-01
7.431448254773946e-01
7.866102045505143e-01
6.581137129666798e-01
3.798735614747140e-01
4.440892098500626e-16
-4.158233816355184e-01
-7.956969431102323e-01
-1.073937094602198e+00
-1.202433586186032e+00
-1.158968207112913e+00
-9.510565162951535e-01
-6.146483338935600e-01
-2.079116908177591e-01
1.988249522580411e-01
6.055615953338410e-01
9.419697777354353e-01
1.149881468553194e+00
1.193346847626314e+00
1.064850356042480e+00
7.866102045505139e-01
4.067366430758004e-01
-9.086738559718477e-03
-3.889603000344324e-01
-6.672004515263976e-01
-7.956969431102324e-01
-7.522315640371127e-01
-5.443198732193536e-01
-2.079116908177600e-01
1.988249522580408e-01
5.352331346596355e-01
9.419697777354353e-01
1.278377960137030e+00
1.486289650954789e+00
1.529755030027909e+00
1.401258538444074e+00
1.123018386952108e+00
7.431448254773948e-01
3.273214438418760e-01
-5.255211763283799e-02
-3.307922691248032e-01
-4.592887607086380e-01
-4.158233816355182e-01
-2.079116908177592e-01
1.284964915838344e-01
5.352331346596353e-01
7.431448254773946e-01
1.149881468553194e+00
1.486289650954789e+00
1.694201341772548e+00
1.737666720845668e+00
1.609170229261833e+00
1.330930077769867e+00
9.510565162951540e-01
5.352331346596351e-01
1.553595731849211e-01
-1.228805783070442e-01
-2.513770698908789e-01
-2.079116908177592e-01
-1.387778780781446e-16
3.364081824015935e-01
7.431448254773944e-01
7.866102045505143e-01
1.193346847626314e+00
1.529755030027909e+00
1.737666720845668e+00
1.781132099918787e+00
1.652635608334953e+00
1.374395456842987e+00
9.945218953682736e-01
5.786985137327548e-01
1.988249522580408e-01
-7.941519923392440e-02
-2.079116908177592e-01
-1.644463117446394e-01
4.346537907311962e-02
3.798735614747132e-01
7.866102045505141e-01
6.581137129666798e-01
1.064850356042480e+00
1.401258538444074e+00
1.609170229261833e+00
1.652635608334953e+00
1.524139116751118e+00
1.245898965259152e+00
8.660254037844392e-01
4.502020221489202e-01
7.032846067420626e-02
-2.079116908177590e-01
-3.364081824015938e-01
-2.929428033284740e-01
-8.503111251071496e-02
2.513770698908786e-01
6.581137129666795e-01
3.798735614747140e-01
7.866102045505139e-01
1.123018386952108e+00
1.330930077769867e+00
1.374395456842987e+00
1.245898965259152e+00
9.676588137671868e-01
5.877852522924732e-01
1.719618706569544e-01
-2.079116908177595e-01
-4.861518423097247e-01
-6.146483338935596e-01
-5.711829548204398e-01
-3.632712640026807e-01
-2.686308160108716e-02
3.798735614747137e-01
4.440892098500626e-16
4.067366430758004e-01
7.431448254773948e-01
9.510565162951540e-01
9.945218953682736e-01
8.660254037844392e-01
5.877852522924732e-01
2.079116908177597e-01
-2.079116908177591e-01
-5.877852522924730e-01
-8.660254037844383e-01
-9.945218953682731e-01
-9.510565162951533e-01
-7.431448254773942e-01
-4.067366430758007e-01
1.942890293094024e-16
-4.158233816355184e-01
-9.086738559718477e-03
3.273214438418760e-01
5.352331346596351e-01
5.786985137327548e-01
4.502020221489202e-01
1.719618706569544e-01
-2.079116908177591e-01
-6.237350724532780e-01
-1.003608633927992e+00
-1.281848785419957e+00
-1.410345277003792e+00
-1.366879897930672e+00
-1.158968207112913e+00
-8.225600247113195e-01
-4.158233816355186e-01
-7.956969431102323e-01
-3.889603000344324e-01
-5.255211763283799e-02
1.553595731849211e-01
1.988249522580408e-01
7.032846067420626e-02
-2.079116908177595e-01
-5.877852522924730e-01
-1.003608633927992e+00
-1.383482195402706e+00
-1.661722346894671e+00
-1.790218838478506e+00
-1.746753459405386e+00
-1.538841768587627e+00
-1.202433586186034e+00
-7.956969431102325e-01
-1.073937094602198e+00
-6.672004515263976e-01
-3.307922691248032e-01
-1.228805783070442e-01
-7.941519923392440e-02
-2.079116908177590e-01
-4.861518423097247e-01
-8.660254037844383e-01
-1.281848785419957e+00
-1.661722346894671e+00
-1.939962498386636e+00
-2.068458989970471e+00
-2.024993610897351e+00
-1.817081920079592e+00
-1.480673737677999e+00
-1.073937094602198e+00
-1.202433586186032e+00
-7.956969431102324e-01
-4.592887607086380e-01
-2.513770698908789e-01
-2.079116908177592e-01
-3.364081824015938e-01
-6.146483338935596e-01
-9.945218953682731e-01
-1.410345277003792e+00
-1.790218838478506e+00
-2.068458989970471e+00
-2.196955481554306e+00
-2.153490102481186e+00
-1.945578411663427e+00
-1.609170229261834e+00
-1.202433586186033e+00
-1.158968207112913e+00
-7.522315640371127e-01
-4.158233816355182e-01
-2.079116908177592e-01
-1.644463117446394e-01
-2.929428033284740e-01
-5.711829548204398e-01
-9.510565162951533e-01
-1.366879897930672e+00
-1.746753459405386e+00
-2.024993610897351e+00
-2.153490102481186e+00
-2.110024723408066e+00
-1.902113032590308e+00
-1.565704850188714e+00
-1.158968207112913e+00
-9.510565162951535e-01
-5.443198732193536e-01
-2.079116908177592e-01
-1.387778780781446e-16
4.346537907311962e-02
-8.503111251071496e-02
-3.632712640026807e-01
-7.431448254773942e-01
-1.158968207112913e+00
-1.538841768587627e+00
-1.817081920079592e+00
-1.945578411663427e+00
-1.902113032590308e+00
-1.694201341772548e+00
-1.357793159370955e+00
-9.510565162951538e-01
-6.146483338935600e-01
-2.079116908177600e-01
1.284964915838344e-01
3.364081824015935e-01
3.798735614747132e-01
2.513770698908786e-01
-2.686308160108716e-02
-4.067366430758007e-01
-8.225600247113195e-01
-1.202433586186034e+00
-1.480673737677999e+00
-1.609170229261834e+00
-1.565704850188714e+00
-1.357793159370955e+00
-1.021384976969361e+00
-6.146483338935602e-01
-2.079116908177591e-01
1.988249522580408e-01
5.352331346596353e-01
7.431448254773944e-01
7.866102045505141e-01
6.581137129666795e-01
3.798735614747137e-01
1.942890293094024e-16
-4.158233816355186e-01
-7.956969431102325e-01
-1.073937094602198e+00
-1.202433586186033e+00
-1.158968207112913e+00
-9.510565162951538e-01
-6.146483338935602e-01
-2.079116908177593e-01
-5.877852522924728e-01
-1.810486092166729e-01
1.553595731849216e-01
3.632712640026806e-01
4.067366430758004e-01
2.782401514919658e-01
0.000000000000000e+00
-3.798735614747135e-01
-7.956969431102323e-01
-1.175570504584946e+00
-1.453810656076912e+00
-1.582307147660746e+00
-1.538841768587627e+00
-1.330930077769867e+00
-9.945218953682740e-01
-5.877852522924730e-01
-1.810486092166729e-01
2.256880338591271e-01
5.620962162607214e-01
7.700079070784805e-01
8.134732861516004e-01
6.849767945677657e-01
4.067366430757999e-01
2.686308160108641e-02
-3.889603000344324e-01
-7.688338615091463e-01
-1.047074013001112e+00
-1.175570504584946e+00
-1.132105125511827e+00
-9.241934346940676e-01
-5.877852522924740e-01
-1.810486092166731e-01
1.553595731849216e-01
5.620962162607214e-01
8.985043986623159e-01
1.106416089480075e+00
1.149881468553195e+00
1.021384976969360e+00
7.431448254773944e-01
3.632712640026808e-01
-5.255211763283796e-02
-4.324256791075519e-01
-7.106658305995172e-01
-8.391623221833520e-01
-7.956969431102322e-01
-5.877852522924731e-01
-2.513770698908795e-01
1.553595731849213e-01
3.632712640026806e-01
7.700079070784805e-01
1.106416089480075e+00
1.314327780297834e+00
1.357793159370954e+00
1.229296667787119e+00
9.510565162951533e-01
5.711829548204400e-01
1.553595731849211e-01
-2.245139882897929e-01
-5.027541397817581e-01
-6.312506313655929e-01
-5.877852522924731e-01
-3.798735614747141e-01
-4.346537907312042e-02
3.632712640026804e-01
4.067366430758004e-01
8.134732861516004e-01
1.149881468553195e+00
1.357793159370954e+00
1.401258538444074e+00
1.272762046860239e+00
9.945218953682732e-01
6.146483338935597e-01
1.988249522580409e-01
-1.810486092166731e-01
-4.592887607086383e-01
-5.877852522924731e-01
-5.443198732193534e-01
-3.364081824015943e-01
-7.771561172376096e-16
4.067366430758002e-01
2.782401514919658e-01
6.849767945677657e-01
1.021384976969360e+00
1.229296667787119e+00
1.272762046860239e+00
1.144265555276404e+00
8.660254037844385e-01
4.861518423097252e-01
7.032846067420628e-02
-3.095451008005077e-01
-5.877852522924729e-01
-7.162817438763077e-01
-6.728163648031880e-01
-4.649046739854289e-01
-1.284964915838353e-01
2.782401514919656e-01
0.000000000000000e+00
4.067366430757999e-01
7.431448254773944e-01
9.510565162951533e-01
9.945218953682732e-01
8.660254037844385e-01
5.877852522924728e-01
2.079116908177593e-01
-2.079116908177595e-01
-5.877852522924735e-01
-8.660254037844387e-01
-9.945218953682735e-01
-9.510565162951538e-01
-7.431448254773947e-01
-4.067366430758011e-01
-2.220446049250313e-16
-3.798735614747135e-01
2.686308160108641e-02
3.632712640026808e-01
5.711829548204400e-01
6.146483338935597e-01
4.861518423097252e-01
2.079116908177593e-01
-1.719618706569542e-01
-5.877852522924730e-01
-9.676588137671870e-01
-1.245898965259152e+00
-1.374395456842987e+00
-1.330930077769867e+00
-1.123018386952108e+00
-7.866102045505146e-01
-3.798735614747137e-01
-7.956969431102323e-01
-3.889603000344324e-01
-5.255211763283796e-02
1.553595731849211e-01
1.988249522580409e-01
7.032846067420628e-02
-2.079116908177595e-01
-5.877852522924730e-01
-1.003608633927992e+00
-1.383482195402706e+00
-1.661722346894671e+00
-1.790218838478506e+00
-1.746753459405386e+00
-1.538841768587627e+00
-1.202433586186034e+00
-7.956969431102325e-01
-1.175570504584946e+00
-7.688338615091463e-01
-4.324256791075519e-01
-2.245139882897929e-01
-1.810486092166731e-01
-3.095451008005077e-01
-5.877852522924735e-01
-9.676588137671870e-01
-1.383482195402706e+00
-1.763355756877420e+00
-2.041595908369385e+00
-2.170092399953220e+00
-2.126627020880100e+00
-1.918715330062341e+00
-1.582307147660747e+00
-1.175570504584946e+00
-1.453810656076912e+00
-1.047074013001112e+00
-7.106658305995172e-01
-5.027541397817581e-01
-4.592887607086383e-01
-5.877852522924729e-01
-8.660254037844387e-01
-1.245898965259152e+00
-1.661722346894671e+00
-2.041595908369385e+00
-2.319836059861350e+00
-2.448332551445185e+00
-2.404867172372065e+00
-2.196955481554306e+00
-1.860547299152713e+00
-1.453810656076912e+00
-1.582307147660746e+00
-1.175570504584946e+00
-8.391623221833520e-01
-6.312506313655929e-01
-5.877852522924731e-01
-7.162817438763077e-01
-9.945218953682735e-01
-1.374395456842987e+00
-1.790218838478506e+00
-2.170092399953220e+00
-2.448332551445185e+00
-2.576829043029020e+00
-2.533363663955900e+00
-2.325451973138141e+00
-1.989043790736547e+00
-1.582307147660746e+00
-1.538841768587627e+00
-1.132105125511827e+00
-7.956969431102322e-01
-5.877852522924731e-01
-5.443198732193534e-01
-6.728163648031880e-01
-9.510565162951538e-01
-1.330930077769867e+00
-1.746753459405386e+00
-2.126627020880100e+00
-2.404867172372065e+00
-2.533363663955900e+00
-2.489898284882780e+00
-2.281986594065021e+00
-1.945578411663428e+00
-1.538841768587627e+00
-1.330930077769867e+00
-9.241934346940676e-01
-5.877852522924731e-01
-3.798735614747141e-01
-3.364081824015943e-01
-4.649046739854289e-01
-7.431448254773947e-01
-1.123018386952108e+00
-1.538841768587627e+00
-1.918715330062341e+00
-2.196955481554306e+00
-2.325451973138141e+00
-2.281986594065021e+00
-2.074074903247262e+00
-1.737666720845668e+00
-1.330930077769868e+00
-9.945218953682740e-01
-5.877852522924740e-01
-2.513770698908795e-01
-4.346537907312042e-02
-7.771561172376096e-16
-1.284964915838353e-01
-4.067366430758011e-01
-7.866102045505146e-01
-1.202433586186034e+00
-1.582307147660747e+00
-1.860547299152713e+00
-1.989043790736547e+00
-1.945578411663428e+00
-1.737666720845668e+00
-1.401258538444075e+00
-9.945218953682742e-01
-5.877852522924730e-01
-1.810486092166731e-01
1.553595731849213e-01
3.632712640026804e-01
4.067366430758002e-01
2.782401514919656e-01
-2.220446049250313e-16
-3.798735614747137e-01
-7.956969431102325e-01
-1.175570504584946e+00
-1.453810656076912e+00
-1.582307147660746e+00
-1.538841768587627e+00
-1.330930077769868e+00
-9.945218953682742e-01
-5.877852522924732e-01
-8.660254037844380e-01
-4.592887607086381e-01
-1.228805783070437e-01
8.503111251071538e-02
1.284964915838351e-01
5.551115123125783e-16
-2.782401514919652e-01
-6.581137129666788e-01
-1.073937094602198e+00
-1.453810656076912e+00
-1.732050807568877e+00
-1.860547299152711e+00
-1.817081920079592e+00
-1.609170229261833e+00
-1.272762046860239e+00
-8.660254037844383e-01
-4.592887607086381e-01
-5.255211763283818e-02
2.838560647687561e-01
4.917677555865153e-01
5.352331346596352e-01
4.067366430758005e-01
1.284964915838347e-01
-2.513770698908788e-01
-6.672004515263976e-01
-1.047074013001112e+00
-1.325314164493077e+00
-1.453810656076912e+00
-1.410345277003792e+00
-1.202433586186033e+00
-8.660254037844393e-01
-4.592887607086383e-01
-1.228805783070437e-01
2.838560647687561e-01
6.202642471703507e-01
8.281759379881096e-01
8.716413170612295e-01
7.431448254773948e-01
4.649046739854291e-01
8.503111251071560e-02
-3.307922691248032e-01
-7.106658305995172e-01
-9.889059820914824e-01
-1.117402473675317e+00
-1.073937094602198e+00
-8.660254037844384e-01
-5.296172213828447e-01
-1.228805783070439e-01
8.503111251071538e-02
4.917677555865153e-01
8.281759379881096e-01
1.036087628805869e+00
1.079553007878989e+00
9.510565162951540e-01
6.728163648031881e-01
2.929428033284748e-01
-1.228805783070441e-01
-5.027541397817581e-01
-7.809942912737233e-01
-9.094907828575581e-01
-8.660254037844384e-01
-6.581137129666793e-01
-3.217055305650857e-01
8.503111251071516e-02
1.284964915838351e-01
5.352331346596352e-01
8.716413170612295e-01
1.079553007878989e+00
1.123018386952108e+00
9.945218953682738e-01
7.162817438763079e-01
3.364081824015944e-01
-7.941519923392437e-02
-4.592887607086383e-01
-7.375289122006036e-01
-8.660254037844384e-01
-8.225600247113186e-01
-6.146483338935596e-01
-2.782401514919660e-01
1.284964915838349e-01
5.551115123125783e-16
4.067366430758005e-01
7.431448254773948e-01
9.510565162951540e-01
9.945218953682738e-01
8.660254037844392e-01
5.877852522924732e-01
2.079116908177600e-01
-2.079116908177590e-01
-5.877852522924729e-01
-8.660254037844382e-01
-9.945218953682730e-01
-9.510565162951532e-01
-7.431448254773941e-01
-4.067366430758005e-01
3.330669073875470e-16
-2.782401514919652e-01
1.284964915838347e-01
4.649046739854291e-01
6.728163648031881e-01
7.162817438763079e-01
5.877852522924732e-01
3.095451008005076e-01
-7.032846067420595e-02
-4.861518423097247e-01
-8.660254037844387e-01
-1.144265555276404e+00
-1.272762046860239e+00
-1.229296667787119e+00
-1.021384976969360e+00
-6.849767945677663e-01
-2.782401514919655e-01
-6.581137129666788e-01
-2.513770698908788e-01
8.503111251071560e-02
2.929428033284748e-01
3.364081824015944e-01
2.079116908177600e-01
-7.032846067420595e-02
-4.502020221489195e-01
-8.660254037844383e-01
-1.245898965259152e+00
-1.524139116751118e+00
-1.652635608334952e+00
-1.609170229261832e+00
-1.401258538444073e+00
-1.064850356042480e+00
-6.581137129666790e-01
-1.073937094602198e+00
-6.672004515263976e-01
-3.307922691248032e-01
-1.228805783070441e-01
-7.941519923392437e-02
-2.079116908177590e-01
-4.861518423097247e-01
-8.660254037844383e-01
-1.281848785419957e+00
-1.661722346894671e+00
-1.939962498386636e+00
-2.068458989970471e+00
-2.024993610897351e+00
-1.817081920079592e+00
-1.480673737677999e+00
-1.073937094602198e+00
-1.453810656076912e+00
-1.047074013001112e+00
-7.106658305995172e-01
-5.027541397817581e-01
-4.592887607086383e-01
-5.877852522924729e-01
-8.660254037844387e-01
-1.245898965259152e+00
-1.661722346894671e+00
-2.041595908369385e+00
-2.319836059861350e+00
-2.448332551445185e+00
-2.404867172372065e+00
-2.196955481554306e+00
-1.860547299152713e+00
-1.453810656076912e+00
-1.732050807568877e+00
-1.325314164493077e+00
-9.889059820914824e-01
-7.809942912737233e-01
-7.375289122006036e-01
-8.660254037844382e-01
-1.144265555276404e+00
-1.524139116751118e+00
-1.939962498386636e+00
-2.319836059861350e+00
-2.598076211353316e+00
-2.726572702937150e+00
-2.683107323864030e+00
-2.475195633046271e+00
-2.138787450644678e+00
-1.732050807568877e+00
-1.860547299152711e+00
-1.453810656076912e+00
-1.117402473675317e+00
-9.094907828575581e-01
-8.660254037844384e-01
-9.945218953682730e-01
-1.272762046860239e+00
-1.652635608334952e+00
-2.068458989970471e+00
-2.448332551445185e+00
-2.726572702937150e+00
-2.855069194520985e+00
-2.811603815447865e+00
-2.603692124630106e+00
-2.267283942228512e+00
-1.860547299152712e+00
-1.817081920079592e+00
-1.410345277003792e+00
-1.073937094602198e+00
-8.660254037844384e-01
-8.225600247113186e-01
-9.510565162951532e-01
-1.229296667787119e+00
-1.609170229261832e+00
-2.024993610897351e+00
-2.404867172372065e+00
-2.683107323864030e+00
-2.811603815447865e+00
-2.768138436374746e+00
-2.560226745556986e+00
-2.223818563155393e+00
-1.817081920079592e+00
-1.609170229261833e+00
-1.202433586186033e+00
-8.660254037844384e-01
-6.581137129666793e-01
-6.146483338935596e-01
-7.431448254773941e-01
-1.021384976969360e+00
-1.401258538444073e+00
-1.817081920079592e+00
-2.196955481554306e+00
-2.475195633046271e+00
-2.603692124630106e+00
-2.560226745556986e+00
-2.352315054739227e+00
-2.015906872337634e+00
-1.609170229261833e+00
-1.272762046860239e+00
-8.660254037844393e-01
-5.296172213828447e-01
-3.217055305650857e-01
-2.782401514919660e-01
-4.067366430758005e-01
-6.849767945677663e-01
-1.064850356042480e+00
-1.480673737677999e+00
-1.860547299152713e+00
-2.138787450644678e+00
-2.267283942228512e+00
-2.223818563155393e+00
-2.015906872337634e+00
-1.679498689936040e+00
-1.272762046860239e+00
-8.660254037844383e-01
-4.592887607086383e-01
-1.228805783070439e-01
8.503111251071516e-02
1.284964915838349e-01
3.330669073875470e-16
-2.782401514919655e-01
-6.581137129666790e-01
-1.073937094602198e+00
-1.453810656076912e+00
-1.732050807568877e+00
-1.860547299152712e+00
-1.817081920079592e+00
-1.609170229261833e+00
-1.272762046860239e+00
-8.660254037844385e-01
-9.945218953682728e-01
-5.877852522924729e-01
-2.513770698908785e-01
-4.346537907311943e-02
3.330669073875470e-16
-1.284964915838342e-01
-4.067366430758000e-01
-7.866102045505136e-01
-1.202433586186032e+00
-1.582307147660746e+00
-1.860547299152711e+00
-1.989043790736546e+00
-1.945578411663427e+00
-1.737666720845668e+00
-1.401258538444074e+00
-9.945218953682731e-01
-5.877852522924729e-01
-1.810486092166730e-01
1.553595731849213e-01
3.632712640026805e-01
4.067366430758004e-01
2.782401514919657e-01
-1.110223024625157e-16
-3.798735614747136e-01
-7.956969431102324e-01
-1.175570504584946e+00
-1.453810656076912e+00
-1.582307147660746e+00
-1.538841768587627e+00
-1.330930077769868e+00
-9.945218953682740e-01
-5.877852522924731e-01
-2.513770698908785e-01
1.553595731849213e-01
4.917677555865159e-01
6.996794464042748e-01
7.431448254773947e-01
6.146483338935600e-01
3.364081824015943e-01
-4.346537907311920e-02
-4.592887607086380e-01
-8.391623221833520e-01
-1.117402473675317e+00
-1.245898965259152e+00
-1.202433586186032e+00
-9.945218953682732e-01
-6.581137129666796e-01
-2.513770698908787e-01
-4.346537907311943e-02
3.632712640026805e-01
6.996794464042748e-01
9.075911372220340e-01
9.510565162951539e-01
8.225600247113192e-01
5.443198732193533e-01
1.644463117446400e-01
-2.513770698908789e-01
-6.312506313655929e-01
-9.094907828575581e-01
-1.037987274441393e+00
-9.945218953682732e-01
-7.866102045505141e-01
-4.502020221489205e-01
-4.346537907311965e-02
3.330669073875470e-16
4.067366430758004e-01
7.431448254773947e-01
9.510565162951539e-01
9.945218953682735e-01
8.660254037844390e-01
5.877852522924731e-01
2.079116908177596e-01
-2.079116908177592e-01
-5.877852522924731e-01
-8.660254037844384e-01
-9.945218953682732e-01
-9.510565162951534e-01
-7.431448254773944e-01
-4.067366430758008e-01
1.110223024625157e-16
-1.284964915838342e-01
2.782401514919657e-01
6.146483338935600e-01
8.225600247113192e-01
8.660254037844390e-01
7.375289122006043e-01
4.592887607086384e-01
7.941519923392515e-02
-3.364081824015938e-01
-7.162817438763077e-01
-9.945218953682730e-01
-1.123018386952108e+00
-1.079553007878988e+00
-8.716413170612289e-01
-5.352331346596353e-01
-1.284964915838345e-01
-4.067366430758000e-01
-1.110223024625157e-16
3.364081824015943e-01
5.443198732193533e-01
5.877852522924731e-01
4.592887607086384e-01
1.810486092166728e-01
-1.988249522580408e-01
-6.146483338935596e-01
-9.945218953682735e-01
-1.272762046860239e+00
-1.401258538444074e+00
-1.357793159370954e+00
-1.149881468553195e+00
-8.134732861516012e-01
-4.067366430758003e-01
-7.866102045505136e-01
-3.798735614747136e-01
-4.346537907311920e-02
1.644463117446400e-01
2.079116908177596e-01
7.941519923392515e-02
-1.988249522580408e-01
-5.786985137327543e-01
-9.945218953682731e-01
-1.374395456842987e+00
-1.652635608334952e+00
-1.781132099918787e+00
-1.737666720845667e+00
-1.529755030027908e+00
-1.193346847626315e+00
-7.866102045505138e-01
-1.202433586186032e+00
-7.956969431102324e-01
-4.592887607086380e-01
-2.513770698908789e-01
-2.079116908177592e-01
-3.364081824015938e-01
-6.146483338935596e-01
-9.945218953682731e-01
-1.410345277003792e+00
-1.790218838478506e+00
-2.068458989970471e+00
-2.196955481554306e+00
-2.153490102481186e+00
-1.945578411663427e+00
-1.609170229261834e+00
-1.202433586186033e+00
-1.582307147660746e+00
-1.175570504584946e+00
-8.391623221833520e-01
-6.312506313655929e-01
-5.877852522924731e-01
-7.162817438763077e-01
-9.945218953682735e-01
-1.374395456842987e+00
-1.790218838478506e+00
-2.170092399953220e+00
-2.448332551445185e+00
-2.576829043029019e+00
-2.533363663955900e+00
-2.325451973138141e+00
-1.989043790736547e+00
-1.582307147660746e+00
-1.860547299152711e+00
-1.453810656076912e+00
-1.117402473675317e+00
-9.094907828575581e-01
-8.660254037844384e-01
-9.945218953682730e-01
-1.272762046860239e+00
-1.652635608334952e+00
-2.068458989970471e+00
-2.448332551445185e+00
-2.726572702937150e+00
-2.855069194520985e+00
-2.811603815447866e+00
-2.603692124630106e+00
-2.267283942228513e+00
-1.860547299152712e+00
-1.989043790736546e+00
-1.582307147660746e+00
-1.245898965259152e+00
-1.037987274441393e+00
-9.945218953682732e-01
-1.123018386952108e+00
-1.401258538444074e+00
-1.781132099918787e+00
-2.196955481554306e+00
-2.576829043029019e+00
-2.855069194520985e+00
-2.983565686104820e+00
-2.940100307031700e+00
-2.732188616213941e+00
-2.395780433812347e+00
-1.989043790736547e+00
-1.945578411663427e+00
-1.538841768587627e+00
-1.202433586186032e+00
-9.945218953682732e-01
-9.510565162951534e-01
-1.079553007878988e+00
-1.357793159370954e+00
-1.737666720845667e+00
-2.153490102481186e+00
-2.533363663955900e+00
-2.811603815447866e+00
-2.940100307031700e+00
-2.896634927958580e+00
-2.688723237140821e+00
-2.352315054739228e+00
-1.945578411663427e+00
-1.737666720845668e+00
-1.330930077769868e+00
-9.945218953682732e-01
-7.866102045505141e-01
-7.431448254773944e-01
-8.716413170612289e-01
-1.149881468553195e+00
-1.529755030027908e+00
-1.945578411663427e+00
-2.325451973138141e+00
-2.603692124630106e+00
-2.732188616213941e+00
-2.688723237140821e+00
-2.480811546323062e+00
-2.144403363921469e+00
-1.737666720845668e+00
-1.401258538444074e+00
-9.945218953682740e-01
-6.581137129666796e-01
-4.502020221489205e-01
-4.067366430758008e-01
-5.352331346596353e-01
-8.134732861516012e-01
-1.193346847626315e+00
-1.609170229261834e+00
-1.989043790736547e+00
-2.267283942228513e+00
-2.395780433812347e+00
-2.352315054739228e+00
-2.144403363921469e+00
-1.807995181519875e+00
-1.401258538444074e+00
-9.945218953682731e-01
-5.877852522924731e-01
-2.513770698908787e-01
-4.346537907311965e-02
1.110223024625157e-16
-1.284964915838345e-01
-4.067366430758003e-01
-7.866102045505138e-01
-1.202433586186033e+00
-1.582307147660746e+00
-1.860547299152712e+00
-1.989043790736547e+00
-1.945578411663427e+00
-1.737666720845668e+00
-1.401258538444074e+00
-9.945218953682733e-01
-9.510565162951531e-01
-5.443198732193532e-01
-2.079116908177587e-01
3.330669073875470e-16
4.346537907312009e-02
-8.503111251071449e-02
-3.632712640026803e-01
-7.431448254773938e-01
-1.158968207112913e+00
-1.538841768587627e+00
-1.817081920079592e+00
-1.945578411663427e+00
-1.902113032590307e+00
-1.694201341772548e+00
-1.357793159370954e+00
-9.510565162951533e-01
-5.443198732193532e-01
-1.375832301435532e-01
1.988249522580411e-01
4.067366430758003e-01
4.502020221489201e-01
3.217055305650854e-01
4.346537907311965e-02
-3.364081824015939e-01
-7.522315640371127e-01
-1.132105125511827e+00
-1.410345277003792e+00
-1.538841768587627e+00
-1.495376389514507e+00
-1.287464698696748e+00
-9.510565162951543e-01
-5.443198732193534e-01
-2.079116908177587e-01
1.988249522580411e-01
5.352331346596356e-01
7.431448254773946e-01
7.866102045505144e-01
6.581137129666798e-01
3.798735614747141e-01
5.551115123125783e-16
-4.158233816355182e-01
-7.956969431102322e-01
-1.073937094602198e+00
-1.202433586186032e+00
-1.158968207112912e+00
-9.510565162951534e-01
-6.146483338935598e-01
-2.079116908177590e-01
3.330669073875470e-16
4.067366430758003e-01
7.431448254773946e-01
9.510565162951538e-01
9.945218953682736e-01
8.660254037844389e-01
5.877852522924730e-01
2.079116908177597e-01
-2.079116908177592e-01
-5.877852522924731e-01
-8.660254037844384e-01
-9.945218953682732e-01
-9.510565162951534e-01
-7.431448254773944e-01
-4.067366430758007e-01
1.110223024625157e-16
4.346537907312009e-02
4.502020221489201e-01
7.866102045505144e-01
9.945218953682736e-01
1.037987274441393e+00
9.094907828575588e-01
6.312506313655929e-01
2.513770698908794e-01
-1.644463117446394e-01
-5.443198732193534e-01
-8.225600247113186e-01
-9.510565162951534e-01
-9.075911372220337e-01
-6.996794464042746e-01
-3.632712640026811e-01
4.346537907311987e-02
-8.503111251071449e-02
3.217055305650854e-01
6.581137129666798e-01
8.660254037844389e-01
9.094907828575588e-01
7.809942912737241e-01
5.027541397817582e-01
1.228805783070449e-01
-2.929428033284740e-01
-6.728163648031880e-01
-9.510565162951532e-01
-1.079553007878988e+00
-1.036087628805868e+00
-8.281759379881092e-01
-4.917677555865156e-01
-8.503111251071471e-02
-3.632712640026803e-01
4.346537907311965e-02
3.798735614747141e-01
5.877852522924730e-01
6.312506313655929e-01
5.027541397817582e-01
2.245139882897925e-01
-1.553595731849210e-01
-5.711829548204398e-01
-9.510565162951538e-01
-1.229296667787119e+00
-1.357793159370954e+00
-1.314327780297834e+00
-1.106416089480075e+00
-7.700079070784813e-01
-3.632712640026805e-01
-7.431448254773938e-01
-3.364081824015939e-01
5.551115123125783e-16
2.079116908177597e-01
2.513770698908794e-01
1.228805783070449e-01
-1.553595731849210e-01
-5.352331346596345e-01
-9.510565162951533e-01
-1.330930077769867e+00
-1.609170229261832e+00
-1.737666720845667e+00
-1.694201341772548e+00
-1.486289650954788e+00
-1.149881468553195e+00
-7.431448254773940e-01
-1.158968207112913e+00
-7.522315640371127e-01
-4.158233816355182e-01
-2.079116908177592e-01
-1.644463117446394e-01
-2.929428033284740e-01
-5.711829548204398e-01
-9.510565162951533e-01
-1.366879897930672e+00
-1.746753459405386e+00
-2.024993610897351e+00
-2.153490102481186e+00
-2.110024723408066e+00
-1.902113032590307e+00
-1.565704850188714e+00
-1.158968207112913e+00
-1.538841768587627e+00
-1.132105125511827e+00
-7.956969431102322e-01
-5.877852522924731e-01
-5.443198732193534e-01
-6.728163648031880e-01
-9.510565162951538e-01
-1.330930077769867e+00
-1.746753459405386e+00
-2.126627020880100e+00
-2.404867172372065e+00
-2.533363663955900e+00
-2.489898284882780e+00
-2.281986594065021e+00
-1.945578411663428e+00
-1.538841768587627e+00
-1.817081920079592e+00
-1.410345277003792e+00
-1.073937094602198e+00
-8.660254037844384e-01
-8.225600247113186e-01
-9.510565162951532e-01
-1.229296667787119e+00
-1.609170229261832e+00
-2.024993610897351e+00
-2.404867172372065e+00
-2.683107323864030e+00
-2.811603815447866e+00
-2.768138436374746e+00
-2.560226745556986e+00
-2.223818563155393e+00
-1.817081920079592e+00
-1.945578411663427e+00
-1.538841768587627e+00
-1.202433586186032e+00
-9.945218953682732e-01
-9.510565162951534e-01
-1.079553007878988e+00
-1.357793159370954e+00
-1.737666720845667e+00
-2.153490102481186e+00
-2.533363663955900e+00
-2.811603815447866e+00
-2.940100307031700e+00
-2.896634927958580e+00
-2.688723237140821e+00
-2.352315054739228e+00
-1.945578411663427e+00
-1.902113032590307e+00
-1.495376389514507e+00
-1.158968207112912e+00
-9.510565162951534e-01
-9.075911372220337e-01
-1.036087628805868e+00
-1.314327780297834e+00
-1.694201341772548e+00
-2.110024723408066e+00
-2.489898284882780e+00
-2.768138436374746e+00
-2.896634927958580e+00
-2.853169548885460e+00
-2.645257858067702e+00
-2.308849675666108e+00
-1.902113032590307e+00
-1.694201341772548e+00
-1.287464698696748e+00
-9.510565162951534e-01
-7.431448254773944e-01
-6.996794464042746e-01
-8.281759379881092e-01
-1.106416089480075e+00
-1.486289650954788e+00
-1.902113032590307e+00
-2.281986594065021e+00
-2.560226745556986e+00
-2.688723237140821e+00
-2.645257858067702e+00
-2.437346167249943e+00
-2.100937984848349e+00
-1.694201341772548e+00
-1.357793159370954e+00
-9.510565162951543e-01
-6.146483338935598e-01
-4.067366430758007e-01
-3.632712640026811e-01
-4.917677555865156e-01
-7.700079070784813e-01
-1.149881468553195e+00
-1.565704850188714e+00
-1.945578411663428e+00
-2.223818563155393e+00
-2.352315054739228e+00
-2.308849675666108e+00
-2.100937984848349e+00
-1.764529802446755e+00
-1.357793159370954e+00
-9.510565162951533e-01
-5.443198732193534e-01
-2.079116908177590e-01
1.110223024625157e-16
4.346537907311987e-02
-8.503111251071471e-02
-3.632712640026805e-01
-7.431448254773940e-01
-1.158968207112913e+00
-1.538841768587627e+00
-1.817081920079592e+00
-1.945578411663427e+00
-1.902113032590307e+00
-1.694201341772548e+00
-1.357793159370954e+00
-9.510565162951535e-01
-7.431448254773940e-01
-3.364081824015941e-01
3.330669073875470e-16
2.079116908177594e-01
2.513770698908792e-01
1.228805783070446e-01
-1.553595731849212e-01
-5.352331346596347e-01
-9.510565162951535e-01
-1.330930077769867e+00
-1.609170229261833e+00
-1.737666720845668e+00
-1.694201341772548e+00
-1.486289650954789e+00
-1.149881468553195e+00
-7.431448254773942e-01
-3.364081824015941e-01
7.032846067420584e-02
4.067366430758002e-01
6.146483338935593e-01
6.581137129666792e-01
5.296172213828445e-01
2.513770698908787e-01
-1.284964915838348e-01
-5.443198732193536e-01
-9.241934346940676e-01
-1.202433586186033e+00
-1.330930077769868e+00
-1.287464698696748e+00
-1.079553007878989e+00
-7.431448254773951e-01
-3.364081824015943e-01
3.330669073875470e-16
4.067366430758002e-01
7.431448254773947e-01
9.510565162951536e-01
9.945218953682735e-01
8.660254037844388e-01
5.877852522924731e-01
2.079116908177596e-01
-2.079116908177592e-01
-5.877852522924731e-01
-8.660254037844384e-01
-9.945218953682732e-01
-9.510565162951534e-01
-7.431448254773944e-01
-4.067366430758008e-01
1.110223024625157e-16
2.079116908177594e-01
6.146483338935593e-01
9.510565162951536e-01
1.158968207112913e+00
1.202433586186033e+00
1.073937094602198e+00
7.956969431102321e-01
4.158233816355188e-01
-1.110223024625157e-16
-3.798735614747141e-01
-6.581137129666793e-01
-7.866102045505141e-01
-7.431448254773944e-01
-5.352331346596353e-01
-1.988249522580416e-01
2.079116908177592e-01
2.513770698908792e-01
6.581137129666792e-01
9.945218953682735e-01
1.202433586186033e+00
1.245898965259152e+00
1.117402473675318e+00
8.391623221833520e-01
4.592887607086384e-01
4.346537907311965e-02
-3.364081824015943e-01
-6.146483338935596e-01
-7.431448254773944e-01
-6.996794464042746e-01
-4.917677555865155e-01
-1.553595731849220e-01
2.513770698908789e-01
1.228805783070446e-01
5.296172213828445e-01
8.660254037844388e-01
1.073937094602198e+00
1.117402473675318e+00
9.889059820914832e-01
7.106658305995173e-01
3.307922691248040e-01
-8.503111251071493e-02
-4.649046739854289e-01
-7.431448254773941e-01
-8.716413170612289e-01
-8.281759379881092e-01
-6.202642471703501e-01
-2.838560647687565e-01
1.228805783070444e-01
-1.553595731849212e-01
2.513770698908787e-01
5.877852522924731e-01
7.956969431102321e-01
8.391623221833520e-01
7.106658305995173e-01
4.324256791075516e-01
5.255211763283807e-02
-3.632712640026807e-01
-7.431448254773947e-01
-1.021384976969360e+00
-1.149881468553195e+00
-1.106416089480075e+00
-8.985043986623159e-01
-5.620962162607224e-01
-1.553595731849214e-01
-5.352331346596347e-01
-1.284964915838348e-01
2.079116908177596e-01
4.158233816355188e-01
4.592887607086384e-01
3.307922691248040e-01
5.255211763283807e-02
-3.273214438418754e-01
-7.431448254773942e-01
-1.123018386952108e+00
-1.401258538444073e+00
-1.529755030027908e+00
-1.486289650954788e+00
-1.278377960137029e+00
-9.419697777354359e-01
-5.352331346596350e-01
-9.510565162951535e-01
-5.443198732193536e-01
-2.079116908177592e-01
-1.110223024625157e-16
4.346537907311965e-02
-8.503111251071493e-02
-3.632712640026807e-01
-7.431448254773942e-01
-1.158968207112913e+00
-1.538841768587627e+00
-1.817081920079592e+00
-1.945578411663427e+00
-1.902113032590307e+00
-1.694201341772548e+00
-1.357793159370955e+00
-9.510565162951538e-01
-1.330930077769867e+00
-9.241934346940676e-01
-5.877852522924731e-01
-3.798735614747141e-01
-3.364081824015943e-01
-4.649046739854289e-01
-7.431448254773947e-01
-1.123018386952108e+00
-1.538841768587627e+00
-1.918715330062341e+00
-2.196955481554306e+00
-2.325451973138141e+00
-2.281986594065021e+00
-2.074074903247262e+00
-1.737666720845669e+00
-1.330930077769868e+00
-1.609170229261833e+00
-1.202433586186033e+00
-8.660254037844384e-01
-6.581137129666793e-01
-6.146483338935596e-01
-7.431448254773941e-01
-1.021384976969360e+00
-1.401258538444073e+00
-1.817081920079592e+00
-2.196955481554306e+00
-2.475195633046272e+00
-2.603692124630106e+00
-2.560226745556986e+00
-2.352315054739227e+00
-2.015906872337634e+00
-1.609170229261833e+00
-1.737666720845668e+00
-1.330930077769868e+00
-9.945218953682732e-01
-7.866102045505141e-01
-7.431448254773944e-01
-8.716413170612289e-01
-1.149881468553195e+00
-1.529755030027908e+00
-1.945578411663427e+00
-2.325451973138141e+00
-2.603692124630106e+00
-2.732188616213941e+00
-2.688723237140821e+00
-2.480811546323062e+00
-2.144403363921469e+00
-1.737666720845668e+00
-1.694201341772548e+00
-1.287464698696748e+00
-9.510565162951534e-01
-7.431448254773944e-01
-6.996794464042746e-01
-8.281759379881092e-01
-1.106416089480075e+00
-1.486289650954788e+00
-1.902113032590307e+00
-2.281986594065021e+00
-2.560226745556986e+00
-2.688723237140821e+00
-2.645257858067701e+00
-2.437346167249943e+00
-2.100937984848349e+00
-1.694201341772548e+00
-1.486289650954789e+00
-1.079553007878989e+00
-7.431448254773944e-01
-5.352331346596353e-01
-4.917677555865155e-01
-6.202642471703501e-01
-8.985043986623159e-01
-1.278377960137029e+00
-1.694201341772548e+00
-2.074074903247262e+00
-2.352315054739227e+00
-2.480811546323062e+00
-2.437346167249943e+00
-2.229434476432183e+00
-1.893026294030590e+00
-1.486289650954789e+00
-1.149881468553195e+00
-7.431448254773951e-01
-4.067366430758008e-01
-1.988249522580416e-01
-1.553595731849220e-01
-2.838560647687565e-01
-5.620962162607224e-01
-9.419697777354359e-01
-1.357793159370955e+00
-1.737666720845669e+00
-2.015906872337634e+00
-2.144403363921469e+00
-2.100937984848349e+00
-1.893026294030590e+00
-1.556618111628996e+00
-1.149881468553195e+00
-7.431448254773942e-01
-3.364081824015943e-01
1.110223024625157e-16
2.079116908177592e-01
2.513770698908789e-01
1.228805783070444e-01
-1.553595731849214e-01
-5.352331346596350e-01
-9.510565162951538e-01
-1.330930077769868e+00
-1.609170229261833e+00
-1.737666720845668e+00
-1.694201341772548e+00
-1.486289650954789e+00
-1.149881468553195e+00
-7.431448254773945e-01
-4.067366430758004e-01
-4.996003610813204e-16
3.364081824015939e-01
5.443198732193530e-01
5.877852522924727e-01
4.592887607086382e-01
1.810486092166724e-01
-1.988249522580411e-01
-6.146483338935600e-01
-9.945218953682740e-01
-1.272762046860239e+00
-1.401258538444074e+00
-1.357793159370954e+00
-1.149881468553195e+00
-8.134732861516015e-01
-4.067366430758007e-01
-4.996003610813204e-16
4.067366430757994e-01
7.431448254773938e-01
9.510565162951530e-01
9.945218953682728e-01
8.660254037844382e-01
5.877852522924722e-01
2.079116908177588e-01
-2.079116908177600e-01
-5.877852522924740e-01
-8.660254037844393e-01
-9.945218953682740e-01
-9.510565162951543e-01
-7.431448254773951e-01
-4.067366430758016e-01
-7.216449660063518e-16
3.364081824015939e-01
7.431448254773938e-01
1.079553007878988e+00
1.287464698696747e+00
1.330930077769867e+00
1.202433586186032e+00
9.241934346940668e-01
5.443198732193533e-01
1.284964915838344e-01
-2.513770698908795e-01
-5.296172213828447e-01
-6.581137129666796e-01
-6.146483338935598e-01
-4.067366430758008e-01
-7.032846067420717e-02
3.364081824015937e-01
5.443198732193530e-01
9.510565162951530e-01
1.287464698696747e+00
1.495376389514506e+00
1.538841768587626e+00
1.410345277003792e+00
1.132105125511826e+00
7.522315640371124e-01
3.364081824015935e-01
-4.346537907312048e-02
-3.217055305650857e-01
-4.502020221489205e-01
-4.067366430758008e-01
-1.988249522580417e-01
1.375832301435519e-01
5.443198732193528e-01
5.877852522924727e-01
9.945218953682728e-01
1.330930077769867e+00
1.538841768587626e+00
1.582307147660746e+00
1.453810656076912e+00
1.175570504584946e+00
7.956969431102321e-01
3.798735614747132e-01
-7.216449660063518e-16
-2.782401514919660e-01
-4.067366430758008e-01
-3.632712640026810e-01
-1.553595731849219e-01
1.810486092166716e-01
5.877852522924725e-01
4.592887607086382e-01
8.660254037844382e-01
1.202433586186032e+00
1.410345277003792e+00
1.453810656076912e+00
1.325314164493077e+00
1.047074013001111e+00
6.672004515263976e-01
2.513770698908787e-01
-1.284964915838353e-01
-4.067366430758005e-01
-5.352331346596353e-01
-4.917677555865156e-01
-2.838560647687565e-01
5.255211763283707e-02
4.592887607086379e-01
1.810486092166724e-01
5.877852522924722e-01
9.241934346940668e-01
1.132105125511826e+00
1.175570504584946e+00
1.047074013001111e+00
7.688338615091452e-01
3.889603000344317e-01
-2.686308160108714e-02
-4.067366430758011e-01
-6.849767945677663e-01
-8.134732861516012e-01
-7.700079070784813e-01
-5.620962162607224e-01
-2.256880338591287e-01
1.810486092166722e-01
-1.988249522580411e-01
2.079116908177588e-01
5.443198732193533e-01
7.522315640371124e-01
7.956969431102321e-01
6.672004515263976e-01
3.889603000344317e-01
9.086738559718144e-03
-4.067366430758007e-01
-7.866102045505146e-01
-1.064850356042480e+00
-1.193346847626315e+00
-1.149881468553195e+00
-9.419697777354359e-01
-6.055615953338422e-01
-1.988249522580414e-01
-6.146483338935600e-01
-2.079116908177600e-01
1.284964915838344e-01
3.364081824015935e-01
3.798735614747132e-01
2.513770698908787e-01
-2.686308160108714e-02
-4.067366430758007e-01
-8.225600247113195e-01
-1.202433586186033e+00
-1.480673737677999e+00
-1.609170229261834e+00
-1.565704850188714e+00
-1.357793159370955e+00
-1.021384976969361e+00
-6.146483338935602e-01
-9.945218953682740e-01
-5.877852522924740e-01
-2.513770698908795e-01
-4.346537907312048e-02
-7.216449660063518e-16
-1.284964915838353e-01
-4.067366430758011e-01
-7.866102045505146e-01
-1.202433586186033e+00
-1.582307147660747e+00
-1.860547299152713e+00
-1.989043790736547e+00
-1.945578411663428e+00
-1.737666720845669e+00
-1.401258538444075e+00
-9.945218953682742e-01
-1.272762046860239e+00
-8.660254037844393e-01
-5.296172213828447e-01
-3.217055305650857e-01
-2.782401514919660e-01
-4.067366430758005e-01
-6.849767945677663e-01
-1.064850356042480e+00
-1.480673737677999e+00
-1.860547299152713e+00
-2.138787450644678e+00
-2.267283942228513e+00
-2.223818563155393e+00
-2.015906872337634e+00
-1.679498689936040e+00
-1.272762046860239e+00
-1.401258538444074e+00
-9.945218953682740e-01
-6.581137129666796e-01
-4.502020221489205e-01
-4.067366430758008e-01
-5.352331346596353e-01
-8.134732861516012e-01
-1.193346847626315e+00
-1.609170229261834e+00
-1.989043790736547e+00
-2.267283942228513e+00
-2.395780433812348e+00
-2.352315054739228e+00
-2.144403363921469e+00
-1.807995181519875e+00
-1.401258538444074e+00
-1.357793159370954e+00
-9.510565162951543e-01
-6.146483338935598e-01
-4.067366430758008e-01
-3.632712640026810e-01
-4.917677555865156e-01
-7.700079070784813e-01
-1.149881468553195e+00
-1.565704850188714e+00
-1.945578411663428e+00
-2.223818563155393e+00
-2.352315054739228e+00
-2.308849675666108e+00
-2.100937984848349e+00
-1.764529802446755e+00
-1.357793159370954e+00
-1.149881468553195e+00
-7.431448254773951e-01
-4.067366430758008e-01
-1.988249522580417e-01
-1.553595731849219e-01
-2.838560647687565e-01
-5.620962162607224e-01
-9.419697777354359e-01
-1.357793159370955e+00
-1.737666720845669e+00
-2.015906872337634e+00
-2.144403363921469e+00
-2.100937984848349e+00
-1.893026294030590e+00
-1.556618111628996e+00
-1.149881468553195e+00
-8.134732861516015e-01
-4.067366430758016e-01
-7.032846067420717e-02
1.375832301435519e-01
1.810486092166716e-01
5.255211763283707e-02
-2.256880338591287e-01
-6.055615953338422e-01
-1.021384976969361e+00
-1.401258538444075e+00
-1.679498689936040e+00
-1.807995181519875e+00
-1.764529802446755e+00
-1.556618111628996e+00
-1.220209929227403e+00
-8.134732861516017e-01
-4.067366430758007e-01
-7.216449660063518e-16
3.364081824015937e-01
5.443198732193528e-01
5.877852522924725e-01
4.592887607086379e-01
1.810486092166722e-01
-1.988249522580414e-01
-6.146483338935602e-01
-9.945218953682742e-01
-1.272762046860239e+00
-1.401258538444074e+00
-1.357793159370954e+00
-1.149881468553195e+00
-8.134732861516017e-01
-4.067366430758009e-01
4.898587196589413e-16
4.067366430758004e-01
7.431448254773948e-01
9.510565162951539e-01
9.945218953682736e-01
8.660254037844390e-01
5.877852522924732e-01
2.079116908177598e-01
-2.079116908177591e-01
-5.877852522924730e-01
-8.660254037844383e-01
-9.945218953682731e-01
-9.510565162951533e-01
-7.431448254773942e-01
-4.067366430758007e-01
2.449293598294706e-16
4.067366430758004e-01
8.134732861516003e-01
1.149881468553195e+00
1.357793159370954e+00
1.401258538444074e+00
1.272762046860239e+00
9.945218953682732e-01
6.146483338935597e-01
1.988249522580408e-01
-1.810486092166731e-01
-4.592887607086383e-01
-5.877852522924731e-01
-5.443198732193534e-01
-3.364081824015943e-01
-7.216449660063518e-16
4.067366430758002e-01
7.431448254773948e-01
1.149881468553195e+00
1.486289650954789e+00
1.694201341772548e+00
1.737666720845668e+00
1.609170229261833e+00
1.330930077769868e+00
9.510565162951541e-01
5.352331346596353e-01
1.553595731849213e-01
-1.228805783070439e-01
-2.513770698908787e-01
-2.079116908177590e-01
1.110223024625157e-16
3.364081824015937e-01
7.431448254773946e-01
9.510565162951539e-01
1.357793159370954e+00
1.694201341772548e+00
1.902113032590307e+00
1.945578411663427e+00
1.817081920079592e+00
1.538841768587627e+00
1.158968207112913e+00
7.431448254773944e-01
3.632712640026804e-01
8.503111251071516e-02
-4.346537907311965e-02
1.110223024625157e-16
2.079116908177592e-01
5.443198732193528e-01
9.510565162951536e-01
9.945218953682736e-01
1.401258538444074e+00
1.737666720845668e+00
1.945578411663427e+00
1.989043790736547e+00
1.860547299152712e+00
1.582307147660746e+00
1.202433586186033e+00
7.866102045505141e-01
4.067366430758002e-01
1.284964915838349e-01
1.110223024625157e-16
4.346537907311987e-02
2.513770698908789e-01
5.877852522924725e-01
9.945218953682734e-01
8.660254037844390e-01
1.272762046860239e+00
1.609170229261833e+00
1.817081920079592e+00
1.860547299152712e+00
1.732050807568878e+00
1.453810656076912e+00
1.073937094602198e+00
6.581137129666795e-01
2.782401514919656e-01
3.330669073875470e-16
-1.284964915838345e-01
-8.503111251071471e-02
1.228805783070444e-01
4.592887607086379e-01
8.660254037844388e-01
5.877852522924732e-01
9.945218953682732e-01
1.330930077769868e+00
1.538841768587627e+00
1.582307147660746e+00
1.453810656076912e+00
1.175570504584946e+00
7.956969431102325e-01
3.798735614747137e-01
-2.220446049250313e-16
-2.782401514919655e-01
-4.067366430758003e-01
-3.632712640026805e-01
-1.553595731849214e-01
1.810486092166722e-01
5.877852522924730e-01
2.079116908177598e-01
6.146483338935597e-01
9.510565162951541e-01
1.158968207112913e+00
1.202433586186033e+00
1.073937094602198e+00
7.956969431102325e-01
4.158233816355190e-01
1.942890293094024e-16
-3.798735614747137e-01
-6.581137129666790e-01
-7.866102045505138e-01
-7.431448254773940e-01
-5.352331346596350e-01
-1.988249522580414e-01
2.079116908177595e-01
-2.079116908177591e-01
1.988249522580408e-01
5.352331346596353e-01
7.431448254773944e-01
7.866102045505141e-01
6.581137129666795e-01
3.798735614747137e-01
1.942890293094024e-16
-4.158233816355186e-01
-7.956969431102325e-01
-1.073937094602198e+00
-1.202433586186033e+00
-1.158968207112913e+00
-9.510565162951538e-01
-6.146483338935602e-01
-2.079116908177593e-01
-5.877852522924730e-01
-1.810486092166731e-01
1.553595731849213e-01
3.632712640026804e-01
4.067366430758002e-01
2.782401514919656e-01
-2.220446049250313e-16
-3.798735614747137e-01
-7.956969431102325e-01
-1.175570504584946e+00
-1.453810656076912e+00
-1.582307147660746e+00
-1.538841768587627e+00
-1.330930077769868e+00
-9.945218953682742e-01
-5.877852522924732e-01
-8.660254037844383e-01
-4.592887607086383e-01
-1.228805783070439e-01
8.503111251071516e-02
1.284964915838349e-01
3.330669073875470e-16
-2.782401514919655e-01
-6.581137129666790e-01
-1.073937094602198e+00
-1.453810656076912e+00
-1.732050807568877e+00
-1.860547299152712e+00
-1.817081920079592e+00
-1.609170229261833e+00
-1.272762046860239e+00
-8.660254037844385e-01
-9.945218953682731e-01
-5.877852522924731e-01
-2.513770698908787e-01
-4.346537907311965e-02
1.110223024625157e-16
-1.284964915838345e-01
-4.067366430758003e-01
-7.866102045505138e-01
-1.202433586186033e+00
-1.582307147660746e+00
-1.860547299152712e+00
-1.989043790736547e+00
-1.945578411663427e+00
-1.737666720845668e+00
-1.401258538444074e+00
-9.945218953682733e-01
-9.510565162951533e-01
-5.443198732193534e-01
-2.079116908177590e-01
1.110223024625157e-16
4.346537907311987e-02
-8.503111251071471e-02
-3.632712640026805e-01
-7.431448254773940e-01
-1.158968207112913e+00
-1.538841768587627e+00
-1.817081920079592e+00
-1.945578411663427e+00
-1.902113032590307e+00
-1.694201341772548e+00
-1.357793159370954e+00
-9.510565162951535e-01
-7.431448254773942e-01
-3.364081824015943e-01
1.110223024625157e-16
2.079116908177592e-01
2.513770698908789e-01
1.228805783070444e-01
-1.553595731849214e-01
-5.352331346596350e-01
-9.510565162951538e-01
-1.330930077769868e+00
-1.609170229261833e+00
-1.737666720845668e+00
-1.694201341772548e+00
-1.486289650954789e+00
-1.149881468553195e+00
-7.431448254773945e-01
-4.067366430758007e-01
-7.216449660063518e-16
3.364081824015937e-01
5.443198732193528e-01
5.877852522924725e-01
4.592887607086379e-01
1.810486092166722e-01
-1.988249522580414e-01
-6.146483338935602e-01
-9.945218953682742e-01
-1.272762046860239e+00
-1.401258538444074e+00
-1.357793159370954e+00
-1.149881468553195e+00
-8.134732861516017e-01
-4.067366430758009e-01
2.449293598294706e-16
4.067366430758002e-01
7.431448254773946e-01
9.510565162951536e-01
9.945218953682734e-01
8.660254037844388e-01
5.877852522924730e-01
2.079116908177595e-01
-2.079116908177593e-01
-5.877852522924732e-01
-8.660254037844385e-01
-9.945218953682733e-01
-9.510565162951535e-01
-7.431448254773945e-01
-4.067366430758009e-01
0.000000000000000e+00
