6.673582974250385e-01
8.771915052977450e-01
9.827888822603909e-01
7.819720179865016e-01
3.379823812849219e-01
-1.060072554166578e-01
-3.068241196905468e-01
-2.012267427279008e-01
8.606465144805855e-03
9.994707189270103e-01
1.209303926799717e+00
1.314901303762363e+00
1.114084439488474e+00
6.700948027868937e-01
2.261051660853143e-01
2.528830181142523e-02
1.308856787740714e-01
3.407188866467780e-01
1.136058706568299e+00
1.345891914441005e+00
1.451489291403651e+00
1.250672427129762e+00
8.066827904281824e-01
3.626931537266027e-01
1.618762894527137e-01
2.674736664153597e-01
4.773068742880665e-01
9.412821244708562e-01
1.151115332343563e+00
1.256712709306209e+00
1.055895845032320e+00
6.119062083307399e-01
1.679165716291603e-01
-3.290029264472884e-02
7.269708431791730e-02
2.825302921906239e-01
4.983671067825772e-01
7.082003146552840e-01
8.137976916179298e-01
6.129808273440405e-01
1.689911906424610e-01
-2.749984460591188e-01
-4.758153103330079e-01
-3.702179333703619e-01
-1.603847254976552e-01
5.545208909429821e-02
2.652852969670048e-01
3.708826739296509e-01
1.700658096557617e-01
-2.739238270458180e-01
-7.179134637473980e-01
-9.187303280212868e-01
-8.131329510586410e-01
-6.032997431859345e-01
-1.393244930031441e-01
7.050871486956246e-02
1.761060918322085e-01
-2.471077244168073e-02
-4.687004091432604e-01
-9.126900458448403e-01
-1.113506910118729e+00
-1.007909533156083e+00
-7.980763252833768e-01
-2.736505361855632e-03
2.070967025108509e-01
3.126940794734970e-01
1.118772151996077e-01
-3.321124215019720e-01
-7.761020582035519e-01
-9.769189224774409e-01
-8.713215455147949e-01
-6.614883376420881e-01
3.293759161401165e-01
5.392091240128231e-01
6.448065009754691e-01
4.439896367015799e-01
9.915462232687628e-17
-4.439896367015796e-01
-6.448065009754688e-01
-5.392091240128226e-01
-3.293759161401160e-01
9.994707189270103e-01
1.209303926799717e+00
1.314901303762363e+00
1.114084439488474e+00
6.700948027868937e-01
2.261051660853143e-01
2.528830181142524e-02
1.308856787740714e-01
3.407188866467780e-01
1.331583140428983e+00
1.541416348301689e+00
1.647013725264335e+00
1.446196860990446e+00
1.002207224288866e+00
5.582175875872865e-01
3.574007233133975e-01
4.629981002760437e-01
6.728313081487501e-01
1.468171128070271e+00
1.678004335942977e+00
1.783601712905624e+00
1.582784848631735e+00
1.138795211930154e+00
6.948055752285749e-01
4.939887109546860e-01
5.995860879173320e-01
8.094192957900385e-01
1.273394545972828e+00
1.483227753845535e+00
1.588825130808181e+00
1.388008266534292e+00
9.440186298327122e-01
5.000289931311324e-01
2.992121288572433e-01
4.048095058198894e-01
6.146427136925962e-01
8.304795282845494e-01
1.040312736157256e+00
1.145910113119902e+00
9.450932488460126e-01
5.011036121444329e-01
5.711397544285328e-02
-1.437028888310358e-01
-3.810551186838970e-02
1.717276960043169e-01
3.875645105962703e-01
5.973977184689770e-01
7.029950954316229e-01
5.021782311577337e-01
5.818859445615399e-02
-3.858010422454257e-01
-5.866179065193147e-01
-4.810205295566687e-01
-2.711873216839622e-01
1.927879284988280e-01
4.026211363715347e-01
5.082185133341807e-01
3.074016490602913e-01
-1.365879876412884e-01
-5.805776243428681e-01
-7.813944886167571e-01
-6.757971116541110e-01
-4.659639037814046e-01
3.293759161401165e-01
5.392091240128232e-01
6.448065009754691e-01
4.439896367015798e-01
7.386637597880015e-17
-4.439896367015796e-01
-6.448065009754688e-01
-5.392091240128226e-01
-3.293759161401160e-01
6.614883376420887e-01
8.713215455147953e-01
9.769189224774413e-01
7.761020582035522e-01
3.321124215019722e-01
-1.118772151996075e-01
-3.126940794734966e-01
-2.070967025108505e-01
2.736505361856153e-03
1.136058706568299e+00
1.345891914441005e+00
1.451489291403651e+00
1.250672427129762e+00
8.066827904281824e-01
3.626931537266027e-01
1.618762894527137e-01
2.674736664153598e-01
4.773068742880665e-01
1.468171128070271e+00
1.678004335942977e+00
1.783601712905624e+00
1.582784848631735e+00
1.138795211930154e+00
6.948055752285749e-01
4.939887109546860e-01
5.995860879173321e-01
8.094192957900386e-01
1.604759115711560e+00
1.814592323584266e+00
1.920189700546912e+00
1.719372836273023e+00
1.275383199571443e+00
8.313935628698633e-01
6.305766985959742e-01
7.361740755586206e-01
9.460072834313272e-01
1.409982533614117e+00
1.619815741486824e+00
1.725413118449469e+00
1.524596254175581e+00
1.080606617474000e+00
6.366169807724209e-01
4.358001164985318e-01
5.413974934611779e-01
7.512307013338843e-01
9.670675159258377e-01
1.176900723798545e+00
1.282498100761190e+00
1.081681236487301e+00
6.376915997857214e-01
1.937019630841416e-01
-7.114901189747411e-03
9.848247577289872e-02
3.083156836456053e-01
5.241524982375587e-01
7.339857061102654e-01
8.395830830729113e-01
6.387662187990221e-01
1.947765820974423e-01
-2.492130546041374e-01
-4.500299188780264e-01
-3.444325419153805e-01
-1.345993340426737e-01
3.293759161401163e-01
5.392091240128229e-01
6.448065009754690e-01
4.439896367015798e-01
-2.694997003338525e-17
-4.439896367015798e-01
-6.448065009754689e-01
-5.392091240128227e-01
-3.293759161401160e-01
4.659639037814050e-01
6.757971116541115e-01
7.813944886167572e-01
5.805776243428682e-01
1.365879876412884e-01
-3.074016490602912e-01
-5.082185133341804e-01
-4.026211363715343e-01
-1.927879284988276e-01
7.980763252833774e-01
1.007909533156084e+00
1.113506910118729e+00
9.126900458448404e-01
4.687004091432607e-01
2.471077244168085e-02
-1.761060918322082e-01
-7.050871486956210e-02
1.393244930031445e-01
9.412821244708562e-01
1.151115332343563e+00
1.256712709306209e+00
1.055895845032320e+00
6.119062083307399e-01
1.679165716291603e-01
-3.290029264472884e-02
7.269708431791730e-02
2.825302921906239e-01
1.273394545972828e+00
1.483227753845535e+00
1.588825130808181e+00
1.388008266534292e+00
9.440186298327122e-01
5.000289931311324e-01
2.992121288572433e-01
4.048095058198894e-01
6.146427136925962e-01
1.409982533614117e+00
1.619815741486824e+00
1.725413118449469e+00
1.524596254175581e+00
1.080606617474000e+00
6.366169807724209e-01
4.358001164985318e-01
5.413974934611779e-01
7.512307013338843e-01
1.215205951516674e+00
1.425039159389381e+00
1.530636536352027e+00
1.329819672078138e+00
8.858300353765578e-01
4.418403986749783e-01
2.410235344010893e-01
3.466209113637355e-01
5.564541192364419e-01
7.722909338283952e-01
9.821241417011020e-01
1.087721518663748e+00
8.869046543898587e-01
4.429150176882788e-01
-1.074619013300821e-03
-2.018914832871899e-01
-9.629410632454377e-02
1.135391015481629e-01
3.293759161401161e-01
5.392091240128228e-01
6.448065009754689e-01
4.439896367015796e-01
-1.306385555288613e-16
-4.439896367015799e-01
-6.448065009754691e-01
-5.392091240128228e-01
-3.293759161401161e-01
1.345993340426739e-01
3.444325419153806e-01
4.500299188780265e-01
2.492130546041373e-01
-1.947765820974424e-01
-6.387662187990222e-01
-8.395830830729113e-01
-7.339857061102653e-01
-5.241524982375586e-01
2.711873216839624e-01
4.810205295566690e-01
5.866179065193149e-01
3.858010422454257e-01
-5.818859445615403e-02
-5.021782311577339e-01
-7.029950954316229e-01
-5.973977184689769e-01
-3.875645105962701e-01
6.032997431859347e-01
8.131329510586414e-01
9.187303280212870e-01
7.179134637473980e-01
2.739238270458180e-01
-1.700658096557616e-01
-3.708826739296507e-01
-2.652852969670046e-01
-5.545208909429789e-02
4.983671067825772e-01
7.082003146552840e-01
8.137976916179297e-01
6.129808273440405e-01
1.689911906424610e-01
-2.749984460591188e-01
-4.758153103330079e-01
-3.702179333703619e-01
-1.603847254976552e-01
8.304795282845494e-01
1.040312736157256e+00
1.145910113119902e+00
9.450932488460126e-01
5.011036121444329e-01
5.711397544285329e-02
-1.437028888310358e-01
-3.810551186838970e-02
1.717276960043169e-01
9.670675159258376e-01
1.176900723798545e+00
1.282498100761190e+00
1.081681236487301e+00
6.376915997857214e-01
1.937019630841416e-01
-7.114901189747411e-03
9.848247577289872e-02
3.083156836456053e-01
7.722909338283952e-01
9.821241417011020e-01
1.087721518663748e+00
8.869046543898587e-01
4.429150176882788e-01
-1.074619013300821e-03
-2.018914832871899e-01
-9.629410632454379e-02
1.135391015481629e-01
3.293759161401160e-01
5.392091240128227e-01
6.448065009754689e-01
4.439896367015796e-01
-1.589200609235092e-16
-4.439896367015799e-01
-6.448065009754692e-01
-5.392091240128228e-01
-3.293759161401161e-01
-1.135391015481629e-01
9.629410632454370e-02
2.018914832871897e-01
1.074619013300559e-03
-4.429150176882791e-01
-8.869046543898589e-01
-1.087721518663748e+00
-9.821241417011020e-01
-7.722909338283951e-01
-3.083156836456052e-01
-9.848247577289862e-02
7.114901189747391e-03
-1.937019630841418e-01
-6.376915997857217e-01
-1.081681236487301e+00
-1.282498100761190e+00
-1.176900723798545e+00
-9.670675159258376e-01
-1.717276960043167e-01
3.810551186838990e-02
1.437028888310359e-01
-5.711397544285333e-02
-5.011036121444330e-01
-9.450932488460129e-01
-1.145910113119902e+00
-1.040312736157256e+00
-8.304795282845492e-01
1.603847254976555e-01
3.702179333703621e-01
4.758153103330081e-01
2.749984460591188e-01
-1.689911906424610e-01
-6.129808273440406e-01
-8.137976916179297e-01
-7.082003146552838e-01
-4.983671067825770e-01
5.545208909429819e-02
2.652852969670048e-01
3.708826739296509e-01
1.700658096557617e-01
-2.739238270458180e-01
-7.179134637473980e-01
-9.187303280212867e-01
-8.131329510586410e-01
-6.032997431859345e-01
3.875645105962703e-01
5.973977184689770e-01
7.029950954316229e-01
5.021782311577337e-01
5.818859445615399e-02
-3.858010422454257e-01
-5.866179065193147e-01
-4.810205295566687e-01
-2.711873216839622e-01
5.241524982375587e-01
7.339857061102654e-01
8.395830830729113e-01
6.387662187990221e-01
1.947765820974423e-01
-2.492130546041374e-01
-4.500299188780264e-01
-3.444325419153805e-01
-1.345993340426738e-01
3.293759161401161e-01
5.392091240128228e-01
6.448065009754689e-01
4.439896367015796e-01
-1.313125534233941e-16
-4.439896367015799e-01
-6.448065009754691e-01
-5.392091240128228e-01
-3.293759161401161e-01
-1.135391015481629e-01
9.629410632454370e-02
2.018914832871897e-01
1.074619013300558e-03
-4.429150176882791e-01
-8.869046543898589e-01
-1.087721518663748e+00
-9.821241417011020e-01
-7.722909338283951e-01
-5.564541192364419e-01
-3.466209113637355e-01
-2.410235344010893e-01
-4.418403986749785e-01
-8.858300353765580e-01
-1.329819672078138e+00
-1.530636536352027e+00
-1.425039159389381e+00
-1.215205951516674e+00
-7.512307013338841e-01
-5.413974934611777e-01
-4.358001164985317e-01
-6.366169807724210e-01
-1.080606617474000e+00
-1.524596254175581e+00
-1.725413118449469e+00
-1.619815741486823e+00
-1.409982533614117e+00
-6.146427136925958e-01
-4.048095058198891e-01
-2.992121288572431e-01
-5.000289931311324e-01
-9.440186298327122e-01
-1.388008266534292e+00
-1.588825130808181e+00
-1.483227753845535e+00
-1.273394545972828e+00
-2.825302921906236e-01
-7.269708431791705e-02
3.290029264472900e-02
-1.679165716291602e-01
-6.119062083307399e-01
-1.055895845032320e+00
-1.256712709306209e+00
-1.151115332343563e+00
-9.412821244708560e-01
-1.393244930031441e-01
7.050871486956246e-02
1.761060918322085e-01
-2.471077244168072e-02
-4.687004091432604e-01
-9.126900458448401e-01
-1.113506910118729e+00
-1.007909533156083e+00
-7.980763252833768e-01
1.927879284988280e-01
4.026211363715347e-01
5.082185133341807e-01
3.074016490602913e-01
-1.365879876412884e-01
-5.805776243428681e-01
-7.813944886167571e-01
-6.757971116541110e-01
-4.659639037814046e-01
3.293759161401163e-01
5.392091240128229e-01
6.448065009754690e-01
4.439896367015798e-01
-2.950394558295012e-17
-4.439896367015798e-01
-6.448065009754689e-01
-5.392091240128227e-01
-3.293759161401161e-01
1.345993340426739e-01
3.444325419153806e-01
4.500299188780264e-01
2.492130546041373e-01
-1.947765820974425e-01
-6.387662187990223e-01
-8.395830830729114e-01
-7.339857061102653e-01
-5.241524982375586e-01
-3.083156836456052e-01
-9.848247577289862e-02
7.114901189747373e-03
-1.937019630841418e-01
-6.376915997857217e-01
-1.081681236487302e+00
-1.282498100761190e+00
-1.176900723798545e+00
-9.670675159258376e-01
-7.512307013338840e-01
-5.413974934611777e-01
-4.358001164985317e-01
-6.366169807724210e-01
-1.080606617474000e+00
-1.524596254175581e+00
-1.725413118449469e+00
-1.619815741486823e+00
-1.409982533614117e+00
-9.460072834313269e-01
-7.361740755586204e-01
-6.305766985959740e-01
-8.313935628698632e-01
-1.275383199571443e+00
-1.719372836273023e+00
-1.920189700546912e+00
-1.814592323584266e+00
-1.604759115711559e+00
-8.094192957900382e-01
-5.995860879173318e-01
-4.939887109546858e-01
-6.948055752285748e-01
-1.138795211930154e+00
-1.582784848631735e+00
-1.783601712905623e+00
-1.678004335942977e+00
-1.468171128070271e+00
-4.773068742880661e-01
-2.674736664153594e-01
-1.618762894527134e-01
-3.626931537266025e-01
-8.066827904281823e-01
-1.250672427129762e+00
-1.451489291403651e+00
-1.345891914441005e+00
-1.136058706568298e+00
-2.736505361855635e-03
2.070967025108509e-01
3.126940794734970e-01
1.118772151996077e-01
-3.321124215019720e-01
-7.761020582035519e-01
-9.769189224774409e-01
-8.713215455147949e-01
-6.614883376420881e-01
3.293759161401165e-01
5.392091240128232e-01
6.448065009754691e-01
4.439896367015799e-01
6.705654550150568e-17
-4.439896367015796e-01
-6.448065009754688e-01
-5.392091240128226e-01
-3.293759161401160e-01
4.659639037814050e-01
6.757971116541115e-01
7.813944886167573e-01
5.805776243428682e-01
1.365879876412884e-01
-3.074016490602912e-01
-5.082185133341804e-01
-4.026211363715343e-01
-1.927879284988277e-01
2.711873216839624e-01
4.810205295566690e-01
5.866179065193149e-01
3.858010422454257e-01
-5.818859445615406e-02
-5.021782311577339e-01
-7.029950954316229e-01
-5.973977184689769e-01
-3.875645105962701e-01
-1.717276960043167e-01
3.810551186838988e-02
1.437028888310359e-01
-5.711397544285336e-02
-5.011036121444330e-01
-9.450932488460129e-01
-1.145910113119902e+00
-1.040312736157256e+00
-8.304795282845492e-01
-6.146427136925958e-01
-4.048095058198891e-01
-2.992121288572431e-01
-5.000289931311324e-01
-9.440186298327122e-01
-1.388008266534292e+00
-1.588825130808181e+00
-1.483227753845535e+00
-1.273394545972828e+00
-8.094192957900382e-01
-5.995860879173318e-01
-4.939887109546858e-01
-6.948055752285748e-01
-1.138795211930154e+00
-1.582784848631735e+00
-1.783601712905623e+00
-1.678004335942977e+00
-1.468171128070271e+00
-6.728313081487499e-01
-4.629981002760434e-01
-3.574007233133972e-01
-5.582175875872863e-01
-1.002207224288866e+00
-1.446196860990446e+00
-1.647013725264335e+00
-1.541416348301689e+00
-1.331583140428982e+00
-3.407188866467776e-01
-1.308856787740710e-01
-2.528830181142493e-02
-2.261051660853141e-01
-6.700948027868936e-01
-1.114084439488474e+00
-1.314901303762363e+00
-1.209303926799717e+00
-9.994707189270098e-01
3.293759161401165e-01
5.392091240128231e-01
6.448065009754691e-01
4.439896367015799e-01
9.852167821690067e-17
-4.439896367015796e-01
-6.448065009754688e-01
-5.392091240128226e-01
-3.293759161401160e-01
6.614883376420887e-01
8.713215455147953e-01
9.769189224774413e-01
7.761020582035522e-01
3.321124215019722e-01
-1.118772151996075e-01
-3.126940794734967e-01
-2.070967025108505e-01
2.736505361856144e-03
7.980763252833774e-01
1.007909533156084e+00
1.113506910118729e+00
9.126900458448404e-01
4.687004091432606e-01
2.471077244168084e-02
-1.761060918322083e-01
-7.050871486956213e-02
1.393244930031445e-01
6.032997431859347e-01
8.131329510586414e-01
9.187303280212870e-01
7.179134637473981e-01
2.739238270458180e-01
-1.700658096557617e-01
-3.708826739296508e-01
-2.652852969670046e-01
-5.545208909429789e-02
1.603847254976555e-01
3.702179333703621e-01
4.758153103330081e-01
2.749984460591189e-01
-1.689911906424610e-01
-6.129808273440406e-01
-8.137976916179297e-01
-7.082003146552838e-01
-4.983671067825770e-01
-2.825302921906236e-01
-7.269708431791705e-02
3.290029264472900e-02
-1.679165716291602e-01
-6.119062083307399e-01
-1.055895845032320e+00
-1.256712709306209e+00
-1.151115332343563e+00
-9.412821244708560e-01
-4.773068742880660e-01
-2.674736664153594e-01
-1.618762894527134e-01
-3.626931537266025e-01
-8.066827904281824e-01
-1.250672427129762e+00
-1.451489291403651e+00
-1.345891914441005e+00
-1.136058706568298e+00
-3.407188866467775e-01
-1.308856787740710e-01
-2.528830181142493e-02
-2.261051660853141e-01
-6.700948027868936e-01
-1.114084439488474e+00
-1.314901303762363e+00
-1.209303926799717e+00
-9.994707189270098e-01
-8.606465144805351e-03
2.012267427279013e-01
3.068241196905472e-01
1.060072554166580e-01
-3.379823812849218e-01
-7.819720179865014e-01
-9.827888822603904e-01
-8.771915052977446e-01
-6.673582974250378e-01
