6.673582978234133e-01
8.771915055931073e-01
9.827888826304193e-01
7.819720183487686e-01
3.379823816410557e-01
-1.060072550666577e-01
-3.068241193483076e-01
-2.012267423109953e-01
8.606465458698446e-03
9.994707190704475e-01
1.209303926840142e+00
1.314901303877452e+00
1.114084439595803e+00
6.700948028880895e-01
2.261051661803763e-01
2.528830189872630e-02
1.308856789360387e-01
3.407188867057328e-01
1.136058706788484e+00
1.345891914558178e+00
1.451489291595491e+00
1.250672427313839e+00
8.066827906061266e-01
3.626931538984131e-01
1.618762896167630e-01
2.674736666540754e-01
4.773068744237686e-01
9.412821246987458e-01
1.151115332468439e+00
1.256712709505753e+00
1.055895845224102e+00
6.119062085163880e-01
1.679165718086744e-01
-3.290029247297547e-02
7.269708456433700e-02
2.825302923340302e-01
4.983671070028857e-01
7.082003147725793e-01
8.137976918098919e-01
6.129808275282410e-01
1.689911908205279e-01
-2.749984458871855e-01
-4.758153101688360e-01
-3.702179331315236e-01
-1.603847253618298e-01
5.545208930702553e-02
2.652852970767189e-01
3.708826741140311e-01
1.700658098323811e-01
-2.739238268753323e-01
-7.179134635830456e-01
-9.187303278646951e-01
-8.131329508273833e-01
-6.032997430576901e-01
-1.393244927827123e-01
7.050871498698083e-02
1.761060920242931e-01
-2.471077225735705e-02
-4.687004089650706e-01
-9.126900456727837e-01
-1.113506909954433e+00
-1.007909532917121e+00
-7.980763251474277e-01
-2.736505064676144e-03
2.070967027050175e-01
3.126940797423299e-01
1.118772154606795e-01
-3.321124212470340e-01
-7.761020579547465e-01
-9.769189222363978e-01
-8.713215451990853e-01
-6.614883374293912e-01
3.293759161823577e-01
5.392091239520515e-01
6.448065009893640e-01
4.439896367077135e-01
1.133031397539692e-16
-4.439896367077132e-01
-6.448065009893638e-01
-5.392091239520510e-01
-3.293759161823572e-01
9.994707190704475e-01
1.209303926840142e+00
1.314901303877452e+00
1.114084439595803e+00
6.700948028880895e-01
2.261051661803763e-01
2.528830189872630e-02
1.308856789360387e-01
3.407188867057328e-01
1.331583140317481e+00
1.541416348087175e+00
1.647013725124487e+00
1.446196860842837e+00
1.002207224135124e+00
5.582175874274103e-01
3.574007231457602e-01
4.629981001830725e-01
6.728313079527665e-01
1.468171128035519e+00
1.678004335805212e+00
1.783601712842523e+00
1.582784848560873e+00
1.138795211853160e+00
6.948055751454471e-01
4.939887108637970e-01
5.995860879011099e-01
8.094192956708028e-01
1.273394545945780e+00
1.483227753715473e+00
1.588825130752786e+00
1.388008266471137e+00
9.440186297634218e-01
5.000289930557086e-01
2.992121287740585e-01
4.048095058113710e-01
6.146427135810650e-01
8.304795282499198e-01
1.040312736019614e+00
1.145910113056927e+00
9.450932487752758e-01
5.011036120675619e-01
5.711397535984834e-02
-1.437028889218018e-01
-3.810551188448931e-02
1.717276958852043e-01
3.875645105540595e-01
5.973977183237535e-01
7.029950953610653e-01
5.021782310794151e-01
5.818859437170167e-02
-3.858010423360116e-01
-5.866179066176619e-01
-4.810205295803493e-01
-2.711873218106561e-01
1.927879284643215e-01
4.026211362340150e-01
5.082185132713274e-01
3.074016489896769e-01
-1.365879877180366e-01
-5.805776244257503e-01
-7.813944887073999e-01
-6.757971116700873e-01
-4.659639039003936e-01
3.293759161823577e-01
5.392091239520515e-01
6.448065009893641e-01
4.439896367077135e-01
7.980537237994834e-17
-4.439896367077132e-01
-6.448065009893638e-01
-5.392091239520510e-01
-3.293759161823573e-01
6.614883374293915e-01
8.713215451990856e-01
9.769189222363979e-01
7.761020579547467e-01
3.321124212470342e-01
-1.118772154606792e-01
-3.126940797423296e-01
-2.070967027050170e-01
2.736505064676612e-03
1.136058706788484e+00
1.345891914558178e+00
1.451489291595491e+00
1.250672427313839e+00
8.066827906061266e-01
3.626931538984131e-01
1.618762896167630e-01
2.674736666540754e-01
4.773068744237686e-01
1.468171128035519e+00
1.678004335805212e+00
1.783601712842523e+00
1.582784848560873e+00
1.138795211853160e+00
6.948055751454471e-01
4.939887108637970e-01
5.995860879011099e-01
8.094192956708028e-01
1.604759115753554e+00
1.814592323523248e+00
1.920189700560561e+00
1.719372836278910e+00
1.275383199571197e+00
8.313935628634839e-01
6.305766985818342e-01
7.361740756191464e-01
9.460072833888402e-01
1.409982533663817e+00
1.619815741433511e+00
1.725413118470823e+00
1.524596254189173e+00
1.080606617481458e+00
6.366169807737451e-01
4.358001164920955e-01
5.413974935294076e-01
7.512307012991007e-01
9.670675159679565e-01
1.176900723737649e+00
1.282498100774963e+00
1.081681236493312e+00
6.376915997855984e-01
1.937019630778849e-01
-7.114901203765035e-03
9.848247583354730e-02
3.083156836032407e-01
5.241524982720960e-01
7.339857060417898e-01
8.395830830791019e-01
6.387662187974514e-01
1.947765820897381e-01
-2.492130546179754e-01
-4.500299188996251e-01
-3.444325418623129e-01
-1.345993340926195e-01
3.293759161823577e-01
5.392091239520512e-01
6.448065009893638e-01
4.439896367077134e-01
-2.605470526828566e-17
-4.439896367077135e-01
-6.448065009893637e-01
-5.392091239520510e-01
-3.293759161823575e-01
4.659639039003939e-01
6.757971116700875e-01
7.813944887074000e-01
5.805776244257504e-01
1.365879877180366e-01
-3.074016489896768e-01
-5.082185132713273e-01
-4.026211362340147e-01
-1.927879284643211e-01
7.980763251474280e-01
1.007909532917121e+00
1.113506909954433e+00
9.126900456727839e-01
4.687004089650708e-01
2.471077225735718e-02
-1.761060920242929e-01
-7.050871498698050e-02
1.393244927827127e-01
9.412821246987457e-01
1.151115332468439e+00
1.256712709505753e+00
1.055895845224102e+00
6.119062085163880e-01
1.679165718086744e-01
-3.290029247297545e-02
7.269708456433702e-02
2.825302923340302e-01
1.273394545945780e+00
1.483227753715473e+00
1.588825130752786e+00
1.388008266471137e+00
9.440186297634218e-01
5.000289930557086e-01
2.992121287740585e-01
4.048095058113710e-01
6.146427135810650e-01
1.409982533663817e+00
1.619815741433511e+00
1.725413118470823e+00
1.524596254189173e+00
1.080606617481458e+00
6.366169807737451e-01
4.358001164920955e-01
5.413974935294076e-01
7.512307012991007e-01
1.215205951574079e+00
1.425039159343773e+00
1.530636536381085e+00
1.329819672099434e+00
8.858300353917207e-01
4.418403986840070e-01
2.410235344023570e-01
3.466209114396694e-01
5.564541192093623e-01
7.722909338782183e-01
9.821241416479116e-01
1.087721518685225e+00
8.869046544035741e-01
4.429150176958604e-01
-1.074619011853301e-03
-2.018914832935035e-01
-9.629410625619121e-02
1.135391015135020e-01
3.293759161823577e-01
5.392091239520511e-01
6.448065009893638e-01
4.439896367077135e-01
-8.631697208845902e-17
-4.439896367077136e-01
-6.448065009893639e-01
-5.392091239520512e-01
-3.293759161823577e-01
1.345993340926196e-01
3.444325418623129e-01
4.500299188996251e-01
2.492130546179754e-01
-1.947765820897383e-01
-6.387662187974515e-01
-8.395830830791019e-01
-7.339857060417896e-01
-5.241524982720958e-01
2.711873218106563e-01
4.810205295803494e-01
5.866179066176619e-01
3.858010423360116e-01
-5.818859437170168e-02
-5.021782310794151e-01
-7.029950953610652e-01
-5.973977183237533e-01
-3.875645105540593e-01
6.032997430576903e-01
8.131329508273836e-01
9.187303278646952e-01
7.179134635830458e-01
2.739238268753323e-01
-1.700658098323811e-01
-3.708826741140309e-01
-2.652852970767187e-01
-5.545208930702526e-02
4.983671070028857e-01
7.082003147725793e-01
8.137976918098919e-01
6.129808275282410e-01
1.689911908205279e-01
-2.749984458871854e-01
-4.758153101688359e-01
-3.702179331315236e-01
-1.603847253618298e-01
8.304795282499198e-01
1.040312736019614e+00
1.145910113056927e+00
9.450932487752758e-01
5.011036120675619e-01
5.711397535984835e-02
-1.437028889218018e-01
-3.810551188448932e-02
1.717276958852043e-01
9.670675159679564e-01
1.176900723737649e+00
1.282498100774963e+00
1.081681236493312e+00
6.376915997855984e-01
1.937019630778849e-01
-7.114901203765052e-03
9.848247583354729e-02
3.083156836032407e-01
7.722909338782183e-01
9.821241416479116e-01
1.087721518685225e+00
8.869046544035741e-01
4.429150176958604e-01
-1.074619011853303e-03
-2.018914832935035e-01
-9.629410625619123e-02
1.135391015135020e-01
3.293759161823577e-01
5.392091239520511e-01
6.448065009893640e-01
4.439896367077136e-01
-1.180316398023551e-16
-4.439896367077139e-01
-6.448065009893641e-01
-5.392091239520513e-01
-3.293759161823578e-01
-1.135391015135021e-01
9.629410625619114e-02
2.018914832935033e-01
1.074619011853103e-03
-4.429150176958606e-01
-8.869046544035742e-01
-1.087721518685225e+00
-9.821241416479116e-01
-7.722909338782185e-01
-3.083156836032407e-01
-9.848247583354727e-02
7.114901203764984e-03
-1.937019630778850e-01
-6.376915997855985e-01
-1.081681236493312e+00
-1.282498100774963e+00
-1.176900723737649e+00
-9.670675159679564e-01
-1.717276958852041e-01
3.810551188448942e-02
1.437028889218018e-01
-5.711397535984839e-02
-5.011036120675619e-01
-9.450932487752759e-01
-1.145910113056926e+00
-1.040312736019613e+00
-8.304795282499196e-01
1.603847253618300e-01
3.702179331315237e-01
4.758153101688360e-01
2.749984458871855e-01
-1.689911908205279e-01
-6.129808275282410e-01
-8.137976918098918e-01
-7.082003147725792e-01
-4.983671070028856e-01
5.545208930702552e-02
2.652852970767189e-01
3.708826741140311e-01
1.700658098323812e-01
-2.739238268753323e-01
-7.179134635830456e-01
-9.187303278646951e-01
-8.131329508273833e-01
-6.032997430576901e-01
3.875645105540595e-01
5.973977183237535e-01
7.029950953610653e-01
5.021782310794151e-01
5.818859437170167e-02
-3.858010423360116e-01
-5.866179066176619e-01
-4.810205295803493e-01
-2.711873218106561e-01
5.241524982720960e-01
7.339857060417898e-01
8.395830830791019e-01
6.387662187974514e-01
1.947765820897381e-01
-2.492130546179754e-01
-4.500299188996251e-01
-3.444325418623129e-01
-1.345993340926195e-01
3.293759161823577e-01
5.392091239520511e-01
6.448065009893638e-01
4.439896367077135e-01
-7.744202414755622e-17
-4.439896367077136e-01
-6.448065009893639e-01
-5.392091239520512e-01
-3.293759161823577e-01
-1.135391015135020e-01
9.629410625619114e-02
2.018914832935033e-01
1.074619011853104e-03
-4.429150176958606e-01
-8.869046544035742e-01
-1.087721518685225e+00
-9.821241416479116e-01
-7.722909338782185e-01
-5.564541192093623e-01
-3.466209114396694e-01
-2.410235344023571e-01
-4.418403986840073e-01
-8.858300353917208e-01
-1.329819672099434e+00
-1.530636536381085e+00
-1.425039159343773e+00
-1.215205951574079e+00
-7.512307012991009e-01
-5.413974935294076e-01
-4.358001164920956e-01
-6.366169807737452e-01
-1.080606617481458e+00
-1.524596254189173e+00
-1.725413118470823e+00
-1.619815741433511e+00
-1.409982533663817e+00
-6.146427135810649e-01
-4.048095058113709e-01
-2.992121287740585e-01
-5.000289930557087e-01
-9.440186297634218e-01
-1.388008266471137e+00
-1.588825130752786e+00
-1.483227753715473e+00
-1.273394545945780e+00
-2.825302923340300e-01
-7.269708456433679e-02
3.290029247297559e-02
-1.679165718086744e-01
-6.119062085163880e-01
-1.055895845224101e+00
-1.256712709505752e+00
-1.151115332468439e+00
-9.412821246987456e-01
-1.393244927827124e-01
7.050871498698083e-02
1.761060920242931e-01
-2.471077225735704e-02
-4.687004089650706e-01
-9.126900456727837e-01
-1.113506909954433e+00
-1.007909532917121e+00
-7.980763251474277e-01
1.927879284643215e-01
4.026211362340150e-01
5.082185132713274e-01
3.074016489896769e-01
-1.365879877180366e-01
-5.805776244257504e-01
-7.813944887073999e-01
-6.757971116700873e-01
-4.659639039003936e-01
3.293759161823577e-01
5.392091239520512e-01
6.448065009893638e-01
4.439896367077135e-01
-2.111463492474982e-17
-4.439896367077135e-01
-6.448065009893638e-01
-5.392091239520510e-01
-3.293759161823575e-01
1.345993340926196e-01
3.444325418623129e-01
4.500299188996251e-01
2.492130546179754e-01
-1.947765820897383e-01
-6.387662187974515e-01
-8.395830830791019e-01
-7.339857060417896e-01
-5.241524982720959e-01
-3.083156836032406e-01
-9.848247583354724e-02
7.114901203764992e-03
-1.937019630778850e-01
-6.376915997855985e-01
-1.081681236493312e+00
-1.282498100774963e+00
-1.176900723737649e+00
-9.670675159679564e-01
-7.512307012991007e-01
-5.413974935294075e-01
-4.358001164920955e-01
-6.366169807737452e-01
-1.080606617481458e+00
-1.524596254189173e+00
-1.725413118470823e+00
-1.619815741433511e+00
-1.409982533663817e+00
-9.460072833888401e-01
-7.361740756191463e-01
-6.305766985818341e-01
-8.313935628634839e-01
-1.275383199571197e+00
-1.719372836278910e+00
-1.920189700560561e+00
-1.814592323523247e+00
-1.604759115753554e+00
-8.094192956708027e-01
-5.995860879011097e-01
-4.939887108637968e-01
-6.948055751454468e-01
-1.138795211853160e+00
-1.582784848560873e+00
-1.783601712842523e+00
-1.678004335805212e+00
-1.468171128035518e+00
-4.773068744237681e-01
-2.674736666540751e-01
-1.618762896167627e-01
-3.626931538984129e-01
-8.066827906061264e-01
-1.250672427313839e+00
-1.451489291595491e+00
-1.345891914558178e+00
-1.136058706788484e+00
-2.736505064676129e-03
2.070967027050175e-01
3.126940797423299e-01
1.118772154606795e-01
-3.321124212470340e-01
-7.761020579547465e-01
-9.769189222363978e-01
-8.713215451990853e-01
-6.614883374293912e-01
3.293759161823577e-01
5.392091239520515e-01
6.448065009893641e-01
4.439896367077135e-01
6.945194997813114e-17
-4.439896367077132e-01
-6.448065009893639e-01
-5.392091239520510e-01
-3.293759161823573e-01
4.659639039003939e-01
6.757971116700875e-01
7.813944887074000e-01
5.805776244257504e-01
1.365879877180366e-01
-3.074016489896768e-01
-5.082185132713273e-01
-4.026211362340147e-01
-1.927879284643211e-01
2.711873218106564e-01
4.810205295803495e-01
5.866179066176620e-01
3.858010423360116e-01
-5.818859437170169e-02
-5.021782310794151e-01
-7.029950953610652e-01
-5.973977183237533e-01
-3.875645105540593e-01
-1.717276958852041e-01
3.810551188448944e-02
1.437028889218018e-01
-5.711397535984840e-02
-5.011036120675620e-01
-9.450932487752759e-01
-1.145910113056926e+00
-1.040312736019613e+00
-8.304795282499196e-01
-6.146427135810648e-01
-4.048095058113708e-01
-2.992121287740584e-01
-5.000289930557087e-01
-9.440186297634219e-01
-1.388008266471137e+00
-1.588825130752786e+00
-1.483227753715473e+00
-1.273394545945780e+00
-8.094192956708027e-01
-5.995860879011097e-01
-4.939887108637968e-01
-6.948055751454469e-01
-1.138795211853160e+00
-1.582784848560873e+00
-1.783601712842523e+00
-1.678004335805212e+00
-1.468171128035518e+00
-6.728313079527662e-01
-4.629981001830721e-01
-3.574007231457599e-01
-5.582175874274102e-01
-1.002207224135124e+00
-1.446196860842837e+00
-1.647013725124487e+00
-1.541416348087175e+00
-1.331583140317481e+00
-3.407188867057324e-01
-1.308856789360383e-01
-2.528830189872595e-02
-2.261051661803760e-01
-6.700948028880894e-01
-1.114084439595802e+00
-1.314901303877451e+00
-1.209303926840142e+00
-9.994707190704469e-01
3.293759161823577e-01
5.392091239520515e-01
6.448065009893640e-01
4.439896367077135e-01
1.134226605183287e-16
-4.439896367077132e-01
-6.448065009893637e-01
-5.392091239520510e-01
-3.293759161823572e-01
6.614883374293915e-01
8.713215451990857e-01
9.769189222363979e-01
7.761020579547467e-01
3.321124212470342e-01
-1.118772154606792e-01
-3.126940797423296e-01
-2.070967027050170e-01
2.736505064676628e-03
7.980763251474280e-01
1.007909532917121e+00
1.113506909954433e+00
9.126900456727839e-01
4.687004089650708e-01
2.471077225735718e-02
-1.761060920242929e-01
-7.050871498698048e-02
1.393244927827128e-01
6.032997430576904e-01
8.131329508273837e-01
9.187303278646953e-01
7.179134635830458e-01
2.739238268753323e-01
-1.700658098323811e-01
-3.708826741140309e-01
-2.652852970767187e-01
-5.545208930702524e-02
1.603847253618300e-01
3.702179331315237e-01
4.758153101688360e-01
2.749984458871855e-01
-1.689911908205280e-01
-6.129808275282410e-01
-8.137976918098918e-01
-7.082003147725791e-01
-4.983671070028856e-01
-2.825302923340299e-01
-7.269708456433679e-02
3.290029247297559e-02
-1.679165718086744e-01
-6.119062085163880e-01
-1.055895845224101e+00
-1.256712709505752e+00
-1.151115332468439e+00
-9.412821246987456e-01
-4.773068744237681e-01
-2.674736666540751e-01
-1.618762896167627e-01
-3.626931538984129e-01
-8.066827906061264e-01
-1.250672427313839e+00
-1.451489291595491e+00
-1.345891914558178e+00
-1.136058706788484e+00
-3.407188867057324e-01
-1.308856789360383e-01
-2.528830189872596e-02
-2.261051661803760e-01
-6.700948028880894e-01
-1.114084439595802e+00
-1.314901303877451e+00
-1.209303926840142e+00
-9.994707190704469e-01
-8.606465458697952e-03
2.012267423109957e-01
3.068241193483079e-01
1.060072550666580e-01
-3.379823816410555e-01
-7.819720183487683e-01
-9.827888826304189e-01
-8.771915055931070e-01
-6.673582978234128e-01
