6.673582978234543e-01
8.771915055931369e-01
9.827888826304538e-01
7.819720183488068e-01
3.379823816410921e-01
-1.060072550666233e-01
-3.068241193482758e-01
-2.012267423109559e-01
8.606465458730091e-03
9.994707190704653e-01
1.209303926840149e+00
1.314901303877470e+00
1.114084439595818e+00
6.700948028880975e-01
2.261051661803847e-01
2.528830189873448e-02
1.308856789360550e-01
3.407188867057412e-01
1.136058706788509e+00
1.345891914558188e+00
1.451489291595508e+00
1.250672427313853e+00
8.066827906061381e-01
3.626931538984285e-01
1.618762896167799e-01
2.674736666541010e-01
4.773068744237821e-01
9.412821246987705e-01
1.151115332468448e+00
1.256712709505776e+00
1.055895845224114e+00
6.119062085164007e-01
1.679165718086910e-01
-3.290029247295719e-02
7.269708456436151e-02
2.825302923340449e-01
4.983671070029034e-01
7.082003147725908e-01
8.137976918099076e-01
6.129808275282564e-01
1.689911908205446e-01
-2.749984458871647e-01
-4.758153101688171e-01
-3.702179331315033e-01
-1.603847253618152e-01
5.545208930704448e-02
2.652852970767290e-01
3.708826741140464e-01
1.700658098323971e-01
-2.739238268753149e-01
-7.179134635830227e-01
-9.187303278646782e-01
-8.131329508273598e-01
-6.032997430576781e-01
-1.393244927826922e-01
7.050871498699142e-02
1.761060920243107e-01
-2.471077225733834e-02
-4.687004089650476e-01
-9.126900456727618e-01
-1.113506909954419e+00
-1.007909532917104e+00
-7.980763251474153e-01
-2.736505064647468e-03
2.070967027050373e-01
3.126940797423575e-01
1.118772154607052e-01
-3.321124212470079e-01
-7.761020579547201e-01
-9.769189222363717e-01
-8.713215451990547e-01
-6.614883374293753e-01
3.293759161823604e-01
5.392091239520513e-01
6.448065009893676e-01
4.439896367077140e-01
1.068840082755239e-16
-4.439896367077137e-01
-6.448065009893672e-01
-5.392091239520508e-01
-3.293759161823598e-01
9.994707190704653e-01
1.209303926840149e+00
1.314901303877470e+00
1.114084439595818e+00
6.700948028880975e-01
2.261051661803847e-01
2.528830189873449e-02
1.308856789360551e-01
3.407188867057412e-01
1.331583140317474e+00
1.541416348087157e+00
1.647013725124487e+00
1.446196860842821e+00
1.002207224135097e+00
5.582175874273939e-01
3.574007231457443e-01
4.629981001830650e-01
6.728313079527511e-01
1.468171128035505e+00
1.678004335805199e+00
1.783601712842512e+00
1.582784848560859e+00
1.138795211853136e+00
6.948055751454295e-01
4.939887108637984e-01
5.995860879011141e-01
8.094192956707937e-01
1.273394545945768e+00
1.483227753715443e+00
1.588825130752784e+00
1.388008266471122e+00
9.440186297634100e-01
5.000289930556995e-01
2.992121287740550e-01
4.048095058113696e-01
6.146427135810490e-01
8.304795282499092e-01
1.040312736019596e+00
1.145910113056914e+00
9.450932487752725e-01
5.011036120675506e-01
5.711397535984087e-02
-1.437028889218092e-01
-3.810551188449056e-02
1.717276958851927e-01
3.875645105540521e-01
5.973977183237287e-01
7.029950953610512e-01
5.021782310794061e-01
5.818859437169332e-02
-3.858010423360190e-01
-5.866179066176739e-01
-4.810205295803510e-01
-2.711873218106670e-01
1.927879284643166e-01
4.026211362339974e-01
5.082185132713185e-01
3.074016489896710e-01
-1.365879877180409e-01
-5.805776244257529e-01
-7.813944887074086e-01
-6.757971116700878e-01
-4.659639039004060e-01
3.293759161823596e-01
5.392091239520495e-01
6.448065009893672e-01
4.439896367077131e-01
6.634979692311517e-17
-4.439896367077130e-01
-6.448065009893669e-01
-5.392091239520490e-01
-3.293759161823592e-01
6.614883374293757e-01
8.713215451990552e-01
9.769189222363719e-01
7.761020579547203e-01
3.321124212470081e-01
-1.118772154607049e-01
-3.126940797423572e-01
-2.070967027050369e-01
2.736505064647926e-03
1.136058706788509e+00
1.345891914558188e+00
1.451489291595508e+00
1.250672427313853e+00
8.066827906061381e-01
3.626931538984285e-01
1.618762896167799e-01
2.674736666541010e-01
4.773068744237821e-01
1.468171128035505e+00
1.678004335805199e+00
1.783601712842512e+00
1.582784848560859e+00
1.138795211853136e+00
6.948055751454295e-01
4.939887108637984e-01
5.995860879011142e-01
8.094192956707937e-01
1.604759115753551e+00
1.814592323523232e+00
1.920189700560554e+00
1.719372836278897e+00
1.275383199571193e+00
8.313935628634775e-01
6.305766985818358e-01
7.361740756191566e-01
9.460072833888460e-01
1.409982533663822e+00
1.619815741433497e+00
1.725413118470834e+00
1.524596254189177e+00
1.080606617481461e+00
6.366169807737424e-01
4.358001164920928e-01
5.413974935294120e-01
7.512307012990914e-01
9.670675159679595e-01
1.176900723737631e+00
1.282498100774958e+00
1.081681236493327e+00
6.376915997856015e-01
1.937019630778836e-01
-7.114901203767145e-03
9.848247583355188e-02
3.083156836032352e-01
5.241524982720960e-01
7.339857060417827e-01
8.395830830791057e-01
6.387662187974577e-01
1.947765820897382e-01
-2.492130546179755e-01
-4.500299188996245e-01
-3.444325418623101e-01
-1.345993340926235e-01
3.293759161823593e-01
5.392091239520498e-01
6.448065009893678e-01
4.439896367077143e-01
-3.202960401584103e-17
-4.439896367077143e-01
-6.448065009893678e-01
-5.392091239520497e-01
-3.293759161823592e-01
4.659639039004064e-01
6.757971116700880e-01
7.813944887074088e-01
5.805776244257530e-01
1.365879877180410e-01
-3.074016489896709e-01
-5.082185132713183e-01
-4.026211362339971e-01
-1.927879284643163e-01
7.980763251474157e-01
1.007909532917104e+00
1.113506909954419e+00
9.126900456727618e-01
4.687004089650476e-01
2.471077225733847e-02
-1.761060920243105e-01
-7.050871498699110e-02
1.393244927826925e-01
9.412821246987705e-01
1.151115332468448e+00
1.256712709505776e+00
1.055895845224114e+00
6.119062085164007e-01
1.679165718086911e-01
-3.290029247295719e-02
7.269708456436152e-02
2.825302923340449e-01
1.273394545945768e+00
1.483227753715443e+00
1.588825130752784e+00
1.388008266471122e+00
9.440186297634100e-01
5.000289930556995e-01
2.992121287740550e-01
4.048095058113696e-01
6.146427135810490e-01
1.409982533663822e+00
1.619815741433497e+00
1.725413118470834e+00
1.524596254189177e+00
1.080606617481461e+00
6.366169807737424e-01
4.358001164920928e-01
5.413974935294120e-01
7.512307012990914e-01
1.215205951574100e+00
1.425039159343766e+00
1.530636536381091e+00
1.329819672099436e+00
8.858300353917260e-01
4.418403986840073e-01
2.410235344023543e-01
3.466209114396727e-01
5.564541192093575e-01
7.722909338782274e-01
9.821241416478983e-01
1.087721518685227e+00
8.869046544035821e-01
4.429150176958628e-01
-1.074619011854514e-03
-2.018914832935066e-01
-9.629410625618688e-02
1.135391015134967e-01
3.293759161823605e-01
5.392091239520498e-01
6.448065009893674e-01
4.439896367077156e-01
-1.289061800322843e-16
-4.439896367077158e-01
-6.448065009893675e-01
-5.392091239520498e-01
-3.293759161823605e-01
1.345993340926236e-01
3.444325418623101e-01
4.500299188996245e-01
2.492130546179754e-01
-1.947765820897384e-01
-6.387662187974578e-01
-8.395830830791058e-01
-7.339857060417828e-01
-5.241524982720960e-01
2.711873218106672e-01
4.810205295803512e-01
5.866179066176740e-01
3.858010423360189e-01
-5.818859437169337e-02
-5.021782310794061e-01
-7.029950953610511e-01
-5.973977183237285e-01
-3.875645105540518e-01
6.032997430576782e-01
8.131329508273599e-01
9.187303278646785e-01
7.179134635830227e-01
2.739238268753149e-01
-1.700658098323971e-01
-3.708826741140462e-01
-2.652852970767288e-01
-5.545208930704421e-02
4.983671070029034e-01
7.082003147725908e-01
8.137976918099076e-01
6.129808275282564e-01
1.689911908205446e-01
-2.749984458871646e-01
-4.758153101688171e-01
-3.702179331315033e-01
-1.603847253618152e-01
8.304795282499091e-01
1.040312736019596e+00
1.145910113056914e+00
9.450932487752723e-01
5.011036120675506e-01
5.711397535984087e-02
-1.437028889218092e-01
-3.810551188449057e-02
1.717276958851927e-01
9.670675159679595e-01
1.176900723737631e+00
1.282498100774958e+00
1.081681236493327e+00
6.376915997856015e-01
1.937019630778836e-01
-7.114901203767134e-03
9.848247583355188e-02
3.083156836032352e-01
7.722909338782274e-01
9.821241416478983e-01
1.087721518685227e+00
8.869046544035821e-01
4.429150176958628e-01
-1.074619011854511e-03
-2.018914832935066e-01
-9.629410625618688e-02
1.135391015134967e-01
3.293759161823611e-01
5.392091239520488e-01
6.448065009893671e-01
4.439896367077159e-01
-1.705844879102972e-16
-4.439896367077162e-01
-6.448065009893672e-01
-5.392091239520488e-01
-3.293759161823612e-01
-1.135391015134967e-01
9.629410625618684e-02
2.018914832935065e-01
1.074619011854276e-03
-4.429150176958631e-01
-8.869046544035825e-01
-1.087721518685227e+00
-9.821241416478983e-01
-7.722909338782273e-01
-3.083156836032351e-01
-9.848247583355182e-02
7.114901203767092e-03
-1.937019630778837e-01
-6.376915997856017e-01
-1.081681236493327e+00
-1.282498100774958e+00
-1.176900723737631e+00
-9.670675159679594e-01
-1.717276958851925e-01
3.810551188449070e-02
1.437028889218092e-01
-5.711397535984093e-02
-5.011036120675507e-01
-9.450932487752726e-01
-1.145910113056914e+00
-1.040312736019596e+00
-8.304795282499090e-01
1.603847253618154e-01
3.702179331315035e-01
4.758153101688173e-01
2.749984458871646e-01
-1.689911908205447e-01
-6.129808275282566e-01
-8.137976918099074e-01
-7.082003147725906e-01
-4.983671070029033e-01
5.545208930704448e-02
2.652852970767290e-01
3.708826741140464e-01
1.700658098323971e-01
-2.739238268753149e-01
-7.179134635830227e-01
-9.187303278646782e-01
-8.131329508273597e-01
-6.032997430576781e-01
3.875645105540521e-01
5.973977183237287e-01
7.029950953610512e-01
5.021782310794060e-01
5.818859437169331e-02
-3.858010423360190e-01
-5.866179066176739e-01
-4.810205295803510e-01
-2.711873218106670e-01
5.241524982720960e-01
7.339857060417827e-01
8.395830830791057e-01
6.387662187974577e-01
1.947765820897382e-01
-2.492130546179755e-01
-4.500299188996245e-01
-3.444325418623101e-01
-1.345993340926235e-01
3.293759161823605e-01
5.392091239520498e-01
6.448065009893674e-01
4.439896367077156e-01
-1.283551185526622e-16
-4.439896367077158e-01
-6.448065009893675e-01
-5.392091239520498e-01
-3.293759161823605e-01
-1.135391015134967e-01
9.629410625618684e-02
2.018914832935064e-01
1.074619011854269e-03
-4.429150176958631e-01
-8.869046544035823e-01
-1.087721518685227e+00
-9.821241416478983e-01
-7.722909338782272e-01
-5.564541192093574e-01
-3.466209114396727e-01
-2.410235344023544e-01
-4.418403986840074e-01
-8.858300353917261e-01
-1.329819672099437e+00
-1.530636536381092e+00
-1.425039159343766e+00
-1.215205951574100e+00
-7.512307012990912e-01
-5.413974935294119e-01
-4.358001164920928e-01
-6.366169807737426e-01
-1.080606617481461e+00
-1.524596254189177e+00
-1.725413118470834e+00
-1.619815741433497e+00
-1.409982533663822e+00
-6.146427135810487e-01
-4.048095058113694e-01
-2.992121287740549e-01
-5.000289930556995e-01
-9.440186297634100e-01
-1.388008266471122e+00
-1.588825130752784e+00
-1.483227753715443e+00
-1.273394545945768e+00
-2.825302923340446e-01
-7.269708456436126e-02
3.290029247295737e-02
-1.679165718086910e-01
-6.119062085164007e-01
-1.055895845224114e+00
-1.256712709505776e+00
-1.151115332468448e+00
-9.412821246987704e-01
-1.393244927826922e-01
7.050871498699142e-02
1.761060920243107e-01
-2.471077225733833e-02
-4.687004089650476e-01
-9.126900456727618e-01
-1.113506909954419e+00
-1.007909532917104e+00
-7.980763251474154e-01
1.927879284643166e-01
4.026211362339974e-01
5.082185132713185e-01
3.074016489896710e-01
-1.365879877180409e-01
-5.805776244257529e-01
-7.813944887074086e-01
-6.757971116700878e-01
-4.659639039004061e-01
3.293759161823593e-01
5.392091239520498e-01
6.448065009893678e-01
4.439896367077143e-01
-3.594352043603448e-17
-4.439896367077143e-01
-6.448065009893676e-01
-5.392091239520497e-01
-3.293759161823592e-01
1.345993340926236e-01
3.444325418623101e-01
4.500299188996245e-01
2.492130546179754e-01
-1.947765820897384e-01
-6.387662187974578e-01
-8.395830830791057e-01
-7.339857060417826e-01
-5.241524982720959e-01
-3.083156836032352e-01
-9.848247583355185e-02
7.114901203767086e-03
-1.937019630778837e-01
-6.376915997856017e-01
-1.081681236493327e+00
-1.282498100774958e+00
-1.176900723737631e+00
-9.670675159679591e-01
-7.512307012990912e-01
-5.413974935294119e-01
-4.358001164920928e-01
-6.366169807737426e-01
-1.080606617481461e+00
-1.524596254189177e+00
-1.725413118470834e+00
-1.619815741433497e+00
-1.409982533663821e+00
-9.460072833888455e-01
-7.361740756191564e-01
-6.305766985818358e-01
-8.313935628634777e-01
-1.275383199571193e+00
-1.719372836278897e+00
-1.920189700560553e+00
-1.814592323523232e+00
-1.604759115753550e+00
-8.094192956707934e-01
-5.995860879011140e-01
-4.939887108637983e-01
-6.948055751454294e-01
-1.138795211853136e+00
-1.582784848560859e+00
-1.783601712842512e+00
-1.678004335805199e+00
-1.468171128035505e+00
-4.773068744237817e-01
-2.674736666541007e-01
-1.618762896167796e-01
-3.626931538984284e-01
-8.066827906061380e-01
-1.250672427313853e+00
-1.451489291595507e+00
-1.345891914558188e+00
-1.136058706788508e+00
-2.736505064647458e-03
2.070967027050374e-01
3.126940797423575e-01
1.118772154607052e-01
-3.321124212470080e-01
-7.761020579547201e-01
-9.769189222363717e-01
-8.713215451990547e-01
-6.614883374293753e-01
3.293759161823596e-01
5.392091239520493e-01
6.448065009893672e-01
4.439896367077131e-01
3.699334244785553e-17
-4.439896367077130e-01
-6.448065009893669e-01
-5.392091239520490e-01
-3.293759161823592e-01
4.659639039004064e-01
6.757971116700880e-01
7.813944887074088e-01
5.805776244257530e-01
1.365879877180409e-01
-3.074016489896710e-01
-5.082185132713183e-01
-4.026211362339971e-01
-1.927879284643162e-01
2.711873218106672e-01
4.810205295803512e-01
5.866179066176740e-01
3.858010423360189e-01
-5.818859437169339e-02
-5.021782310794061e-01
-7.029950953610511e-01
-5.973977183237285e-01
-3.875645105540518e-01
-1.717276958851925e-01
3.810551188449069e-02
1.437028889218092e-01
-5.711397535984093e-02
-5.011036120675507e-01
-9.450932487752726e-01
-1.145910113056914e+00
-1.040312736019596e+00
-8.304795282499090e-01
-6.146427135810488e-01
-4.048095058113694e-01
-2.992121287740549e-01
-5.000289930556995e-01
-9.440186297634100e-01
-1.388008266471122e+00
-1.588825130752784e+00
-1.483227753715443e+00
-1.273394545945768e+00
-8.094192956707935e-01
-5.995860879011140e-01
-4.939887108637983e-01
-6.948055751454294e-01
-1.138795211853136e+00
-1.582784848560859e+00
-1.783601712842512e+00
-1.678004335805199e+00
-1.468171128035505e+00
-6.728313079527507e-01
-4.629981001830648e-01
-3.574007231457441e-01
-5.582175874273937e-01
-1.002207224135097e+00
-1.446196860842821e+00
-1.647013725124487e+00
-1.541416348087156e+00
-1.331583140317473e+00
-3.407188867057407e-01
-1.308856789360546e-01
-2.528830189873415e-02
-2.261051661803845e-01
-6.700948028880973e-01
-1.114084439595818e+00
-1.314901303877469e+00
-1.209303926840148e+00
-9.994707190704646e-01
3.293759161823604e-01
5.392091239520513e-01
6.448065009893676e-01
4.439896367077141e-01
1.125955604006434e-16
-4.439896367077138e-01
-6.448065009893672e-01
-5.392091239520508e-01
-3.293759161823598e-01
6.614883374293757e-01
8.713215451990551e-01
9.769189222363719e-01
7.761020579547203e-01
3.321124212470081e-01
-1.118772154607050e-01
-3.126940797423572e-01
-2.070967027050369e-01
2.736505064647917e-03
7.980763251474157e-01
1.007909532917104e+00
1.113506909954419e+00
9.126900456727618e-01
4.687004089650476e-01
2.471077225733845e-02
-1.761060920243105e-01
-7.050871498699110e-02
1.393244927826925e-01
6.032997430576782e-01
8.131329508273599e-01
9.187303278646783e-01
7.179134635830227e-01
2.739238268753149e-01
-1.700658098323971e-01
-3.708826741140462e-01
-2.652852970767288e-01
-5.545208930704421e-02
1.603847253618154e-01
3.702179331315035e-01
4.758153101688173e-01
2.749984458871647e-01
-1.689911908205447e-01
-6.129808275282566e-01
-8.137976918099075e-01
-7.082003147725906e-01
-4.983671070029033e-01
-2.825302923340447e-01
-7.269708456436128e-02
3.290029247295737e-02
-1.679165718086910e-01
-6.119062085164007e-01
-1.055895845224114e+00
-1.256712709505776e+00
-1.151115332468448e+00
-9.412821246987704e-01
-4.773068744237817e-01
-2.674736666541007e-01
-1.618762896167796e-01
-3.626931538984284e-01
-8.066827906061380e-01
-1.250672427313853e+00
-1.451489291595507e+00
-1.345891914558188e+00
-1.136058706788508e+00
-3.407188867057407e-01
-1.308856789360546e-01
-2.528830189873415e-02
-2.261051661803845e-01
-6.700948028880973e-01
-1.114084439595818e+00
-1.314901303877469e+00
-1.209303926840148e+00
-9.994707190704646e-01
-8.606465458729543e-03
2.012267423109564e-01
3.068241193482762e-01
1.060072550666236e-01
-3.379823816410918e-01
-7.819720183488065e-01
-9.827888826304532e-01
-8.771915055931361e-01
-6.673582978234538e-01
