7.347880794884119e-16
7.071067811865481e-01
1.000000000000000e+00
7.071067811865479e-01
3.673940397442059e-16
-7.071067811865471e-01
-9.999999999999996e-01
-7.071067811865470e-01
4.898587196589413e-16
7.071067811865481e-01
1.414213562373096e+00
1.707106781186548e+00
1.414213562373095e+00
7.071067811865478e-01
3.559516622919863e-16
-2.928932188134521e-01
4.669739647545020e-16
7.071067811865479e-01
1.000000000000000e+00
1.707106781186548e+00
2.000000000000000e+00
1.707106781186548e+00
1.000000000000000e+00
2.928932188134526e-01
2.449293598294706e-16
2.928932188134528e-01
1.000000000000000e+00
7.071067811865479e-01
1.414213562373095e+00
1.707106781186548e+00
1.414213562373095e+00
7.071067811865476e-01
1.339070573669550e-16
-2.928932188134523e-01
2.449293598294706e-16
7.071067811865477e-01
3.673940397442059e-16
7.071067811865478e-01
1.000000000000000e+00
7.071067811865476e-01
0.000000000000000e+00
-7.071067811865475e-01
-1.000000000000000e+00
-7.071067811865474e-01
1.224646799147353e-16
-7.071067811865471e-01
3.559516622919863e-16
2.928932188134526e-01
1.339070573669550e-16
-7.071067811865475e-01
-1.414213562373095e+00
-1.707106781186547e+00
-1.414213562373095e+00
-7.071067811865474e-01
-9.999999999999996e-01
-2.928932188134521e-01
2.449293598294706e-16
-2.928932188134523e-01
-1.000000000000000e+00
-1.707106781186547e+00
-2.000000000000000e+00
-1.707106781186547e+00
-9.999999999999998e-01
-7.071067811865470e-01
4.669739647545020e-16
2.928932188134528e-01
2.449293598294706e-16
-7.071067811865474e-01
-1.414213562373095e+00
-1.707106781186547e+00
-1.414213562373095e+00
-7.071067811865472e-01
4.898587196589413e-16
7.071067811865479e-01
1.000000000000000e+00
7.071067811865477e-01
1.224646799147353e-16
-7.071067811865474e-01
-9.999999999999998e-01
-7.071067811865472e-01
2.449293598294706e-16
7.071067811865481e-01
1.414213562373096e+00
1.707106781186548e+00
1.414213562373095e+00
7.071067811865478e-01
3.330669073875470e-16
-2.928932188134521e-01
4.440892098500626e-16
7.071067811865479e-01
1.414213562373096e+00
2.121320343559643e+00
2.414213562373095e+00
2.121320343559643e+00
1.414213562373095e+00
7.071067811865478e-01
4.142135623730954e-01
7.071067811865479e-01
1.414213562373095e+00
1.707106781186548e+00
2.414213562373095e+00
2.707106781186548e+00
2.414213562373095e+00
1.707106781186547e+00
1.000000000000000e+00
7.071067811865477e-01
1.000000000000000e+00
1.707106781186548e+00
1.414213562373095e+00
2.121320343559643e+00
2.414213562373095e+00
2.121320343559643e+00
1.414213562373095e+00
7.071067811865476e-01
4.142135623730951e-01
7.071067811865477e-01
1.414213562373095e+00
7.071067811865478e-01
1.414213562373095e+00
1.707106781186547e+00
1.414213562373095e+00
7.071067811865475e-01
0.000000000000000e+00
-2.928932188134525e-01
1.110223024625157e-16
7.071067811865476e-01
3.330669073875470e-16
7.071067811865478e-01
1.000000000000000e+00
7.071067811865476e-01
0.000000000000000e+00
-7.071067811865475e-01
-9.999999999999998e-01
-7.071067811865472e-01
1.110223024625157e-16
-2.928932188134521e-01
4.142135623730954e-01
7.071067811865477e-01
4.142135623730951e-01
-2.928932188134525e-01
-9.999999999999998e-01
-1.292893218813452e+00
-9.999999999999998e-01
-2.928932188134523e-01
4.440892098500626e-16
7.071067811865479e-01
1.000000000000000e+00
7.071067811865477e-01
1.110223024625157e-16
-7.071067811865472e-01
-9.999999999999998e-01
-7.071067811865472e-01
2.220446049250313e-16
7.071067811865479e-01
1.414213562373095e+00
1.707106781186548e+00
1.414213562373095e+00
7.071067811865476e-01
1.110223024625157e-16
-2.928932188134523e-01
2.220446049250313e-16
7.071067811865477e-01
1.000000000000000e+00
1.707106781186548e+00
2.000000000000000e+00
1.707106781186548e+00
1.000000000000000e+00
2.928932188134526e-01
2.220446049250313e-16
2.928932188134528e-01
1.000000000000000e+00
1.707106781186548e+00
2.414213562373095e+00
2.707106781186548e+00
2.414213562373095e+00
1.707106781186547e+00
1.000000000000000e+00
7.071067811865477e-01
1.000000000000000e+00
1.707106781186548e+00
2.000000000000000e+00
2.707106781186548e+00
3.000000000000000e+00
2.707106781186547e+00
2.000000000000000e+00
1.292893218813453e+00
1.000000000000000e+00
1.292893218813453e+00
2.000000000000000e+00
1.707106781186548e+00
2.414213562373095e+00
2.707106781186547e+00
2.414213562373095e+00
1.707106781186547e+00
9.999999999999999e-01
7.071067811865475e-01
1.000000000000000e+00
1.707106781186547e+00
1.000000000000000e+00
1.707106781186547e+00
2.000000000000000e+00
1.707106781186547e+00
9.999999999999998e-01
2.928932188134523e-01
-2.220446049250313e-16
2.928932188134524e-01
9.999999999999999e-01
2.928932188134526e-01
1.000000000000000e+00
1.292893218813453e+00
9.999999999999999e-01
2.928932188134523e-01
-4.142135623730951e-01
-7.071067811865475e-01
-4.142135623730949e-01
2.928932188134524e-01
2.220446049250313e-16
7.071067811865477e-01
1.000000000000000e+00
7.071067811865475e-01
-2.220446049250313e-16
-7.071067811865475e-01
-1.000000000000000e+00
-7.071067811865475e-01
0.000000000000000e+00
2.928932188134528e-01
1.000000000000000e+00
1.292893218813453e+00
1.000000000000000e+00
2.928932188134524e-01
-4.142135623730949e-01
-7.071067811865475e-01
-4.142135623730949e-01
2.928932188134525e-01
1.000000000000000e+00
1.707106781186548e+00
2.000000000000000e+00
1.707106781186547e+00
9.999999999999999e-01
2.928932188134524e-01
0.000000000000000e+00
2.928932188134525e-01
1.000000000000000e+00
7.071067811865479e-01
1.414213562373095e+00
1.707106781186548e+00
1.414213562373095e+00
7.071067811865476e-01
1.110223024625157e-16
-2.928932188134523e-01
2.220446049250313e-16
7.071067811865477e-01
1.414213562373095e+00
2.121320343559643e+00
2.414213562373095e+00
2.121320343559643e+00
1.414213562373095e+00
7.071067811865476e-01
4.142135623730951e-01
7.071067811865477e-01
1.414213562373095e+00
1.707106781186548e+00
2.414213562373095e+00
2.707106781186547e+00
2.414213562373095e+00
1.707106781186547e+00
9.999999999999999e-01
7.071067811865475e-01
1.000000000000000e+00
1.707106781186547e+00
1.414213562373095e+00
2.121320343559643e+00
2.414213562373095e+00
2.121320343559642e+00
1.414213562373095e+00
7.071067811865474e-01
4.142135623730949e-01
7.071067811865475e-01
1.414213562373095e+00
7.071067811865476e-01
1.414213562373095e+00
1.707106781186547e+00
1.414213562373095e+00
7.071067811865472e-01
-2.220446049250313e-16
-2.928932188134528e-01
-1.110223024625157e-16
7.071067811865474e-01
1.110223024625157e-16
7.071067811865476e-01
9.999999999999999e-01
7.071067811865474e-01
-2.220446049250313e-16
-7.071067811865477e-01
-1.000000000000000e+00
-7.071067811865475e-01
-1.110223024625157e-16
-2.928932188134523e-01
4.142135623730951e-01
7.071067811865475e-01
4.142135623730949e-01
-2.928932188134528e-01
-1.000000000000000e+00
-1.292893218813453e+00
-1.000000000000000e+00
-2.928932188134525e-01
2.220446049250313e-16
7.071067811865477e-01
1.000000000000000e+00
7.071067811865475e-01
-1.110223024625157e-16
-7.071067811865475e-01
-1.000000000000000e+00
-7.071067811865475e-01
0.000000000000000e+00
7.071067811865477e-01
1.414213562373095e+00
1.707106781186547e+00
1.414213562373095e+00
7.071067811865474e-01
-1.110223024625157e-16
-2.928932188134525e-01
0.000000000000000e+00
7.071067811865475e-01
3.673940397442059e-16
7.071067811865478e-01
1.000000000000000e+00
7.071067811865476e-01
0.000000000000000e+00
-7.071067811865475e-01
-9.999999999999999e-01
-7.071067811865474e-01
1.224646799147353e-16
7.071067811865478e-01
1.414213562373095e+00
1.707106781186547e+00
1.414213562373095e+00
7.071067811865475e-01
-1.144237745221967e-17
-2.928932188134524e-01
9.957992501029599e-17
7.071067811865476e-01
1.000000000000000e+00
1.707106781186547e+00
2.000000000000000e+00
1.707106781186547e+00
9.999999999999998e-01
2.928932188134523e-01
-1.224646799147353e-16
2.928932188134524e-01
9.999999999999999e-01
7.071067811865476e-01
1.414213562373095e+00
1.707106781186547e+00
1.414213562373095e+00
7.071067811865472e-01
-2.334869823772510e-16
-2.928932188134526e-01
-1.224646799147353e-16
7.071067811865474e-01
0.000000000000000e+00
7.071067811865475e-01
9.999999999999998e-01
7.071067811865472e-01
-3.673940397442059e-16
-7.071067811865478e-01
-1.000000000000000e+00
-7.071067811865477e-01
-2.449293598294706e-16
-7.071067811865475e-01
-1.144237745221967e-17
2.928932188134523e-01
-2.334869823772510e-16
-7.071067811865478e-01
-1.414213562373095e+00
-1.707106781186548e+00
-1.414213562373095e+00
-7.071067811865477e-01
-9.999999999999999e-01
-2.928932188134524e-01
-1.224646799147353e-16
-2.928932188134526e-01
-1.000000000000000e+00
-1.707106781186548e+00
-2.000000000000000e+00
-1.707106781186548e+00
-1.000000000000000e+00
-7.071067811865474e-01
9.957992501029599e-17
2.928932188134524e-01
-1.224646799147353e-16
-7.071067811865477e-01
-1.414213562373095e+00
-1.707106781186548e+00
-1.414213562373095e+00
-7.071067811865476e-01
1.224646799147353e-16
7.071067811865476e-01
9.999999999999999e-01
7.071067811865474e-01
-2.449293598294706e-16
-7.071067811865477e-01
-1.000000000000000e+00
-7.071067811865476e-01
-1.224646799147353e-16
-7.071067811865471e-01
3.330669073875470e-16
2.928932188134526e-01
1.110223024625157e-16
-7.071067811865475e-01
-1.414213562373095e+00
-1.707106781186547e+00
-1.414213562373095e+00
-7.071067811865474e-01
3.330669073875470e-16
7.071067811865478e-01
1.000000000000000e+00
7.071067811865476e-01
0.000000000000000e+00
-7.071067811865475e-01
-9.999999999999999e-01
-7.071067811865474e-01
1.110223024625157e-16
2.928932188134526e-01
1.000000000000000e+00
1.292893218813453e+00
9.999999999999999e-01
2.928932188134523e-01
-4.142135623730951e-01
-7.071067811865476e-01
-4.142135623730950e-01
2.928932188134524e-01
1.110223024625157e-16
7.071067811865476e-01
9.999999999999999e-01
7.071067811865474e-01
-2.220446049250313e-16
-7.071067811865477e-01
-1.000000000000000e+00
-7.071067811865476e-01
-1.110223024625157e-16
-7.071067811865475e-01
0.000000000000000e+00
2.928932188134523e-01
-2.220446049250313e-16
-7.071067811865478e-01
-1.414213562373095e+00
-1.707106781186548e+00
-1.414213562373095e+00
-7.071067811865477e-01
-1.414213562373095e+00
-7.071067811865475e-01
-4.142135623730951e-01
-7.071067811865477e-01
-1.414213562373095e+00
-2.121320343559643e+00
-2.414213562373095e+00
-2.121320343559642e+00
-1.414213562373095e+00
-1.707106781186547e+00
-9.999999999999999e-01
-7.071067811865476e-01
-1.000000000000000e+00
-1.707106781186548e+00
-2.414213562373095e+00
-2.707106781186547e+00
-2.414213562373095e+00
-1.707106781186547e+00
-1.414213562373095e+00
-7.071067811865474e-01
-4.142135623730950e-01
-7.071067811865476e-01
-1.414213562373095e+00
-2.121320343559642e+00
-2.414213562373095e+00
-2.121320343559642e+00
-1.414213562373095e+00
-7.071067811865474e-01
1.110223024625157e-16
2.928932188134524e-01
-1.110223024625157e-16
-7.071067811865477e-01
-1.414213562373095e+00
-1.707106781186547e+00
-1.414213562373095e+00
-7.071067811865476e-01
-9.999999999999996e-01
-2.928932188134521e-01
2.220446049250313e-16
-2.928932188134523e-01
-9.999999999999999e-01
-1.707106781186547e+00
-2.000000000000000e+00
-1.707106781186547e+00
-9.999999999999998e-01
-2.928932188134521e-01
4.142135623730954e-01
7.071067811865477e-01
4.142135623730951e-01
-2.928932188134524e-01
-9.999999999999999e-01
-1.292893218813452e+00
-9.999999999999998e-01
-2.928932188134523e-01
2.220446049250313e-16
7.071067811865477e-01
1.000000000000000e+00
7.071067811865475e-01
-1.110223024625157e-16
-7.071067811865476e-01
-1.000000000000000e+00
-7.071067811865475e-01
0.000000000000000e+00
-2.928932188134523e-01
4.142135623730951e-01
7.071067811865475e-01
4.142135623730949e-01
-2.928932188134526e-01
-1.000000000000000e+00
-1.292893218813453e+00
-1.000000000000000e+00
-2.928932188134525e-01
-9.999999999999999e-01
-2.928932188134524e-01
-1.110223024625157e-16
-2.928932188134526e-01
-1.000000000000000e+00
-1.707106781186548e+00
-2.000000000000000e+00
-1.707106781186547e+00
-1.000000000000000e+00
-1.707106781186547e+00
-9.999999999999999e-01
-7.071067811865476e-01
-1.000000000000000e+00
-1.707106781186548e+00
-2.414213562373095e+00
-2.707106781186547e+00
-2.414213562373095e+00
-1.707106781186547e+00
-2.000000000000000e+00
-1.292893218813452e+00
-1.000000000000000e+00
-1.292893218813453e+00
-2.000000000000000e+00
-2.707106781186547e+00
-3.000000000000000e+00
-2.707106781186547e+00
-2.000000000000000e+00
-1.707106781186547e+00
-9.999999999999998e-01
-7.071067811865475e-01
-1.000000000000000e+00
-1.707106781186547e+00
-2.414213562373095e+00
-2.707106781186547e+00
-2.414213562373095e+00
-1.707106781186547e+00
-9.999999999999998e-01
-2.928932188134523e-01
0.000000000000000e+00
-2.928932188134525e-01
-1.000000000000000e+00
-1.707106781186547e+00
-2.000000000000000e+00
-1.707106781186547e+00
-1.000000000000000e+00
-7.071067811865470e-01
4.440892098500626e-16
2.928932188134528e-01
2.220446049250313e-16
-7.071067811865474e-01
-1.414213562373095e+00
-1.707106781186547e+00
-1.414213562373095e+00
-7.071067811865472e-01
4.440892098500626e-16
7.071067811865479e-01
1.000000000000000e+00
7.071067811865477e-01
1.110223024625157e-16
-7.071067811865474e-01
-9.999999999999998e-01
-7.071067811865472e-01
2.220446049250313e-16
2.928932188134528e-01
1.000000000000000e+00
1.292893218813453e+00
1.000000000000000e+00
2.928932188134524e-01
-4.142135623730950e-01
-7.071067811865475e-01
-4.142135623730949e-01
2.928932188134525e-01
2.220446049250313e-16
7.071067811865477e-01
1.000000000000000e+00
7.071067811865475e-01
-1.110223024625157e-16
-7.071067811865476e-01
-1.000000000000000e+00
-7.071067811865475e-01
0.000000000000000e+00
-7.071067811865474e-01
1.110223024625157e-16
2.928932188134524e-01
-1.110223024625157e-16
-7.071067811865477e-01
-1.414213562373095e+00
-1.707106781186548e+00
-1.414213562373095e+00
-7.071067811865476e-01
-1.414213562373095e+00
-7.071067811865474e-01
-4.142135623730950e-01
-7.071067811865476e-01
-1.414213562373095e+00
-2.121320343559643e+00
-2.414213562373095e+00
-2.121320343559642e+00
-1.414213562373095e+00
-1.707106781186547e+00
-9.999999999999998e-01
-7.071067811865475e-01
-1.000000000000000e+00
-1.707106781186548e+00
-2.414213562373095e+00
-2.707106781186547e+00
-2.414213562373095e+00
-1.707106781186547e+00
-1.414213562373095e+00
-7.071067811865472e-01
-4.142135623730949e-01
-7.071067811865475e-01
-1.414213562373095e+00
-2.121320343559642e+00
-2.414213562373095e+00
-2.121320343559642e+00
-1.414213562373095e+00
-7.071067811865472e-01
2.220446049250313e-16
2.928932188134525e-01
0.000000000000000e+00
-7.071067811865476e-01
-1.414213562373095e+00
-1.707106781186547e+00
-1.414213562373095e+00
-7.071067811865475e-01
4.898587196589413e-16
7.071067811865479e-01
1.000000000000000e+00
7.071067811865477e-01
1.224646799147353e-16
-7.071067811865474e-01
-9.999999999999998e-01
-7.071067811865472e-01
2.449293598294706e-16
7.071067811865479e-01
1.414213562373095e+00
1.707106781186548e+00
1.414213562373095e+00
7.071067811865476e-01
1.110223024625157e-16
-2.928932188134523e-01
2.220446049250313e-16
7.071067811865477e-01
1.000000000000000e+00
1.707106781186548e+00
2.000000000000000e+00
1.707106781186547e+00
9.999999999999999e-01
2.928932188134524e-01
0.000000000000000e+00
2.928932188134525e-01
1.000000000000000e+00
7.071067811865477e-01
1.414213562373095e+00
1.707106781186547e+00
1.414213562373095e+00
7.071067811865474e-01
-1.110223024625157e-16
-2.928932188134525e-01
0.000000000000000e+00
7.071067811865475e-01
1.224646799147353e-16
7.071067811865476e-01
9.999999999999999e-01
7.071067811865474e-01
-2.449293598294706e-16
-7.071067811865477e-01
-1.000000000000000e+00
-7.071067811865476e-01
-1.224646799147353e-16
-7.071067811865474e-01
1.110223024625157e-16
2.928932188134524e-01
-1.110223024625157e-16
-7.071067811865477e-01
-1.414213562373095e+00
-1.707106781186547e+00
-1.414213562373095e+00
-7.071067811865476e-01
-9.999999999999998e-01
-2.928932188134523e-01
0.000000000000000e+00
-2.928932188134525e-01
-1.000000000000000e+00
-1.707106781186547e+00
-2.000000000000000e+00
-1.707106781186547e+00
-1.000000000000000e+00
-7.071067811865472e-01
2.220446049250313e-16
2.928932188134525e-01
0.000000000000000e+00
-7.071067811865476e-01
-1.414213562373095e+00
-1.707106781186547e+00
-1.414213562373095e+00
-7.071067811865475e-01
2.449293598294706e-16
7.071067811865477e-01
1.000000000000000e+00
7.071067811865475e-01
-1.224646799147353e-16
-7.071067811865476e-01
-1.000000000000000e+00
-7.071067811865475e-01
0.000000000000000e+00
