6.673534128523960e-01
8.771878382293792e-01
9.827842922136333e-01
7.819675656839906e-01
3.379779874451357e-01
-1.060115907937192e-01
-3.068283173233616e-01
-2.012318633391073e-01
8.602562037875811e-03
9.994690296590134e-01
1.209303455035996e+00
1.314899909020251e+00
1.114083182490608e+00
6.700936042517531e-01
2.261040260128982e-01
2.528729948325582e-02
1.308837534675101e-01
3.407181788444932e-01
1.136055968404642e+00
1.345890393781625e+00
1.451486847765879e+00
1.250670121236237e+00
8.066805429973816e-01
3.626909647585266e-01
1.618742382288842e-01
2.674706922131385e-01
4.773051175901216e-01
9.412793527374038e-01
1.151113778114387e+00
1.256710232098641e+00
1.055893505568998e+00
6.119039273301436e-01
1.679143490912887e-01
-3.290237743835373e-02
7.269407654590054e-02
2.825285019228837e-01
4.983644191298279e-01
7.081988445068110e-01
8.137952984910652e-01
6.129785719614227e-01
1.689889937225678e-01
-2.750005845162872e-01
-4.758173110459295e-01
-3.702208570616752e-01
-1.603864316846921e-01
5.544948552225220e-02
2.652839108992353e-01
3.708803648834895e-01
1.700636383538470e-01
-2.739259398850080e-01
-7.179155181238629e-01
-9.187322446535053e-01
-8.131357906692510e-01
-6.033013652922680e-01
-1.393271301449856e-01
7.050729523199747e-02
1.761037492162516e-01
-2.471297731339089e-02
-4.687025555522458e-01
-9.126921337911007e-01
-1.113508860320743e+00
-1.007912406336489e+00
-7.980779809595058e-01
-2.740191399357120e-03
2.070942339776260e-01
3.126906879618802e-01
1.118739614322376e-01
-3.321156168066173e-01
-7.761051950454722e-01
-9.769219215751146e-01
-8.713254675908604e-01
-6.614910422138772e-01
3.293754254072604e-01
5.392098507842434e-01
6.448063047684977e-01
4.439895782388550e-01
1.014444573151657e-16
-4.439895782388548e-01
-6.448063047684972e-01
-5.392098507842430e-01
-3.293754254072598e-01
9.994690296590134e-01
1.209303455035996e+00
1.314899909020251e+00
1.114083182490608e+00
6.700936042517531e-01
2.261040260128982e-01
2.528729948325582e-02
1.308837534675101e-01
3.407181788444932e-01
1.331584646465631e+00
1.541419071842614e+00
1.647015525826868e+00
1.446198799297225e+00
1.002209221058370e+00
5.582196428195156e-01
3.574029162898733e-01
4.629993702741275e-01
6.728337956511107e-01
1.468171585211259e+00
1.678006010588242e+00
1.783602464572496e+00
1.582785738042854e+00
1.138796159803999e+00
6.948065815651440e-01
4.939898550355016e-01
5.995863090197558e-01
8.094207343967390e-01
1.273394969544021e+00
1.483229394921004e+00
1.588825848905258e+00
1.388009122375616e+00
9.440195441367610e-01
5.000299658979060e-01
2.992132393682637e-01
4.048096933525180e-01
6.146441187295011e-01
8.304800359364454e-01
1.040314461313429e+00
1.145910915297683e+00
9.450941887680402e-01
5.011046105291852e-01
5.711503229033025e-02
-1.437016942393121e-01
-3.810524025505786e-02
1.717291851219253e-01
3.875651023288696e-01
5.973995277058527e-01
7.029959816901069e-01
5.021792551604644e-01
5.818967692160940e-02
-3.857999013172455e-01
-5.866166278468880e-01
-4.810201738626336e-01
-2.711857484856505e-01
1.927884866616318e-01
4.026229120386149e-01
5.082193660228690e-01
3.074026394932265e-01
-1.365869387456284e-01
-5.805765169844832e-01
-7.813932435141258e-01
-6.757967895298714e-01
-4.659623641528883e-01
3.293754254072603e-01
5.392098507842434e-01
6.448063047684975e-01
4.439895782388550e-01
7.223851146894357e-17
-4.439895782388548e-01
-6.448063047684973e-01
-5.392098507842430e-01
-3.293754254072598e-01
6.614910422138778e-01
8.713254675908608e-01
9.769219215751150e-01
7.761051950454725e-01
3.321156168066175e-01
-1.118739614322374e-01
-3.126906879618798e-01
-2.070942339776255e-01
2.740191399357633e-03
1.136055968404642e+00
1.345890393781625e+00
1.451486847765879e+00
1.250670121236237e+00
8.066805429973816e-01
3.626909647585266e-01
1.618742382288842e-01
2.674706922131385e-01
4.773051175901216e-01
1.468171585211259e+00
1.678006010588242e+00
1.783602464572496e+00
1.582785738042854e+00
1.138796159803999e+00
6.948065815651440e-01
4.939898550355016e-01
5.995863090197558e-01
8.094207343967390e-01
1.604758523956888e+00
1.814592949333871e+00
1.920189403318125e+00
1.719372676788482e+00
1.275383098549627e+00
8.313935203107723e-01
6.305767937811301e-01
7.361732477653843e-01
9.460076731423674e-01
1.409981908289650e+00
1.619816333666633e+00
1.725412787650887e+00
1.524596061121244e+00
1.080606482882389e+00
6.366169046435344e-01
4.358001781138920e-01
5.413966320981464e-01
7.512310574751295e-01
9.670669746820738e-01
1.176901400059057e+00
1.282497854043311e+00
1.081681127513669e+00
6.376915492748135e-01
1.937019710359587e-01
-7.114755493683745e-03
9.848169849057054e-02
3.083161238675536e-01
5.241520410744980e-01
7.339864664514811e-01
8.395829204357352e-01
6.387661939060928e-01
1.947766156672378e-01
-2.492129625716172e-01
-4.500296891012595e-01
-3.444332351170052e-01
-1.345988097400221e-01
3.293754254072602e-01
5.392098507842433e-01
6.448063047684974e-01
4.439895782388549e-01
-3.521257359769457e-17
-4.439895782388549e-01
-6.448063047684974e-01
-5.392098507842431e-01
-3.293754254072599e-01
4.659623641528887e-01
6.757967895298718e-01
7.813932435141260e-01
5.805765169844834e-01
1.365869387456285e-01
-3.074026394932264e-01
-5.082193660228689e-01
-4.026229120386146e-01
-1.927884866616314e-01
7.980779809595061e-01
1.007912406336489e+00
1.113508860320743e+00
9.126921337911009e-01
4.687025555522459e-01
2.471297731339101e-02
-1.761037492162514e-01
-7.050729523199713e-02
1.393271301449860e-01
9.412793527374038e-01
1.151113778114387e+00
1.256710232098641e+00
1.055893505568998e+00
6.119039273301436e-01
1.679143490912887e-01
-3.290237743835373e-02
7.269407654590054e-02
2.825285019228837e-01
1.273394969544021e+00
1.483229394921004e+00
1.588825848905258e+00
1.388009122375616e+00
9.440195441367609e-01
5.000299658979060e-01
2.992132393682637e-01
4.048096933525180e-01
6.146441187295011e-01
1.409981908289650e+00
1.619816333666633e+00
1.725412787650887e+00
1.524596061121244e+00
1.080606482882389e+00
6.366169046435345e-01
4.358001781138920e-01
5.413966320981464e-01
7.512310574751295e-01
1.215205292622412e+00
1.425039717999395e+00
1.530636171983649e+00
1.329819445454006e+00
8.858298672151513e-01
4.418402889762965e-01
2.410235624466542e-01
3.466200164309085e-01
5.564544418078916e-01
7.722903590148358e-01
9.821247843918191e-01
1.087721238376073e+00
8.869045118464306e-01
4.429149336075756e-01
-1.074644631279270e-03
-2.018913711609217e-01
-9.629491717666738e-02
1.135395082003158e-01
3.293754254072601e-01
5.392098507842432e-01
6.448063047684973e-01
4.439895782388549e-01
-1.383337888682945e-16
-4.439895782388550e-01
-6.448063047684974e-01
-5.392098507842431e-01
-3.293754254072600e-01
1.345988097400222e-01
3.444332351170053e-01
4.500296891012595e-01
2.492129625716170e-01
-1.947766156672380e-01
-6.387661939060929e-01
-8.395829204357353e-01
-7.339864664514810e-01
-5.241520410744978e-01
2.711857484856507e-01
4.810201738626338e-01
5.866166278468881e-01
3.857999013172455e-01
-5.818967692160944e-02
-5.021792551604644e-01
-7.029959816901068e-01
-5.973995277058526e-01
-3.875651023288693e-01
6.033013652922682e-01
8.131357906692512e-01
9.187322446535056e-01
7.179155181238630e-01
2.739259398850080e-01
-1.700636383538469e-01
-3.708803648834893e-01
-2.652839108992351e-01
-5.544948552225189e-02
4.983644191298279e-01
7.081988445068109e-01
8.137952984910651e-01
6.129785719614227e-01
1.689889937225678e-01
-2.750005845162872e-01
-4.758173110459296e-01
-3.702208570616752e-01
-1.603864316846921e-01
8.304800359364454e-01
1.040314461313428e+00
1.145910915297683e+00
9.450941887680401e-01
5.011046105291852e-01
5.711503229033025e-02
-1.437016942393121e-01
-3.810524025505787e-02
1.717291851219253e-01
9.670669746820738e-01
1.176901400059057e+00
1.282497854043311e+00
1.081681127513669e+00
6.376915492748135e-01
1.937019710359587e-01
-7.114755493683730e-03
9.848169849057054e-02
3.083161238675537e-01
7.722903590148358e-01
9.821247843918189e-01
1.087721238376073e+00
8.869045118464306e-01
4.429149336075756e-01
-1.074644631279262e-03
-2.018913711609216e-01
-9.629491717666737e-02
1.135395082003158e-01
3.293754254072600e-01
5.392098507842431e-01
6.448063047684973e-01
4.439895782388548e-01
-1.742152334594286e-16
-4.439895782388550e-01
-6.448063047684974e-01
-5.392098507842431e-01
-3.293754254072600e-01
-1.135395082003158e-01
9.629491717666734e-02
2.018913711609215e-01
1.074644631279042e-03
-4.429149336075759e-01
-8.869045118464308e-01
-1.087721238376073e+00
-9.821247843918191e-01
-7.722903590148358e-01
-3.083161238675536e-01
-9.848169849057051e-02
7.114755493683697e-03
-1.937019710359588e-01
-6.376915492748139e-01
-1.081681127513669e+00
-1.282497854043311e+00
-1.176901400059057e+00
-9.670669746820736e-01
-1.717291851219251e-01
3.810524025505801e-02
1.437016942393122e-01
-5.711503229033028e-02
-5.011046105291852e-01
-9.450941887680402e-01
-1.145910915297683e+00
-1.040314461313428e+00
-8.304800359364451e-01
1.603864316846924e-01
3.702208570616755e-01
4.758173110459297e-01
2.750005845162872e-01
-1.689889937225678e-01
-6.129785719614227e-01
-8.137952984910651e-01
-7.081988445068108e-01
-4.983644191298277e-01
5.544948552225217e-02
2.652839108992353e-01
3.708803648834894e-01
1.700636383538470e-01
-2.739259398850080e-01
-7.179155181238630e-01
-9.187322446535053e-01
-8.131357906692510e-01
-6.033013652922680e-01
3.875651023288696e-01
5.973995277058527e-01
7.029959816901068e-01
5.021792551604644e-01
5.818967692160940e-02
-3.857999013172455e-01
-5.866166278468880e-01
-4.810201738626337e-01
-2.711857484856505e-01
5.241520410744980e-01
7.339864664514811e-01
8.395829204357352e-01
6.387661939060928e-01
1.947766156672378e-01
-2.492129625716171e-01
-4.500296891012595e-01
-3.444332351170052e-01
-1.345988097400221e-01
3.293754254072601e-01
5.392098507842432e-01
6.448063047684973e-01
4.439895782388549e-01
-1.384078037366028e-16
-4.439895782388550e-01
-6.448063047684974e-01
-5.392098507842431e-01
-3.293754254072600e-01
-1.135395082003158e-01
9.629491717666734e-02
2.018913711609215e-01
1.074644631279035e-03
-4.429149336075759e-01
-8.869045118464308e-01
-1.087721238376073e+00
-9.821247843918191e-01
-7.722903590148358e-01
-5.564544418078915e-01
-3.466200164309085e-01
-2.410235624466542e-01
-4.418402889762967e-01
-8.858298672151517e-01
-1.329819445454007e+00
-1.530636171983649e+00
-1.425039717999395e+00
-1.215205292622412e+00
-7.512310574751294e-01
-5.413966320981464e-01
-4.358001781138920e-01
-6.366169046435345e-01
-1.080606482882389e+00
-1.524596061121245e+00
-1.725412787650887e+00
-1.619816333666633e+00
-1.409981908289649e+00
-6.146441187295009e-01
-4.048096933525178e-01
-2.992132393682636e-01
-5.000299658979060e-01
-9.440195441367609e-01
-1.388009122375616e+00
-1.588825848905258e+00
-1.483229394921004e+00
-1.273394969544021e+00
-2.825285019228835e-01
-7.269407654590031e-02
3.290237743835388e-02
-1.679143490912886e-01
-6.119039273301435e-01
-1.055893505568998e+00
-1.256710232098641e+00
-1.151113778114387e+00
-9.412793527374035e-01
-1.393271301449856e-01
7.050729523199747e-02
1.761037492162516e-01
-2.471297731339087e-02
-4.687025555522458e-01
-9.126921337911007e-01
-1.113508860320743e+00
-1.007912406336489e+00
-7.980779809595058e-01
1.927884866616318e-01
4.026229120386149e-01
5.082193660228690e-01
3.074026394932265e-01
-1.365869387456284e-01
-5.805765169844833e-01
-7.813932435141258e-01
-6.757967895298714e-01
-4.659623641528884e-01
3.293754254072602e-01
5.392098507842433e-01
6.448063047684974e-01
4.439895782388549e-01
-1.768955352569422e-17
-4.439895782388549e-01
-6.448063047684973e-01
-5.392098507842431e-01
-3.293754254072599e-01
1.345988097400222e-01
3.444332351170053e-01
4.500296891012595e-01
2.492129625716170e-01
-1.947766156672380e-01
-6.387661939060929e-01
-8.395829204357352e-01
-7.339864664514810e-01
-5.241520410744978e-01
-3.083161238675536e-01
-9.848169849057051e-02
7.114755493683688e-03
-1.937019710359588e-01
-6.376915492748139e-01
-1.081681127513669e+00
-1.282497854043311e+00
-1.176901400059057e+00
-9.670669746820736e-01
-7.512310574751294e-01
-5.413966320981464e-01
-4.358001781138921e-01
-6.366169046435346e-01
-1.080606482882389e+00
-1.524596061121245e+00
-1.725412787650887e+00
-1.619816333666632e+00
-1.409981908289649e+00
-9.460076731423673e-01
-7.361732477653841e-01
-6.305767937811299e-01
-8.313935203107724e-01
-1.275383098549627e+00
-1.719372676788482e+00
-1.920189403318125e+00
-1.814592949333870e+00
-1.604758523956887e+00
-8.094207343967388e-01
-5.995863090197556e-01
-4.939898550355014e-01
-6.948065815651439e-01
-1.138796159803999e+00
-1.582785738042854e+00
-1.783602464572496e+00
-1.678006010588242e+00
-1.468171585211259e+00
-4.773051175901213e-01
-2.674706922131381e-01
-1.618742382288839e-01
-3.626909647585264e-01
-8.066805429973813e-01
-1.250670121236236e+00
-1.451486847765879e+00
-1.345890393781625e+00
-1.136055968404641e+00
-2.740191399357092e-03
2.070942339776260e-01
3.126906879618802e-01
1.118739614322376e-01
-3.321156168066173e-01
-7.761051950454722e-01
-9.769219215751147e-01
-8.713254675908604e-01
-6.614910422138773e-01
3.293754254072603e-01
5.392098507842434e-01
6.448063047684975e-01
4.439895782388550e-01
7.989905033885714e-17
-4.439895782388548e-01
-6.448063047684973e-01
-5.392098507842430e-01
-3.293754254072598e-01
4.659623641528887e-01
6.757967895298718e-01
7.813932435141260e-01
5.805765169844834e-01
1.365869387456285e-01
-3.074026394932264e-01
-5.082193660228688e-01
-4.026229120386146e-01
-1.927884866616315e-01
2.711857484856507e-01
4.810201738626338e-01
5.866166278468881e-01
3.857999013172455e-01
-5.818967692160946e-02
-5.021792551604644e-01
-7.029959816901068e-01
-5.973995277058526e-01
-3.875651023288693e-01
-1.717291851219251e-01
3.810524025505801e-02
1.437016942393122e-01
-5.711503229033031e-02
-5.011046105291853e-01
-9.450941887680402e-01
-1.145910915297683e+00
-1.040314461313428e+00
-8.304800359364451e-01
-6.146441187295009e-01
-4.048096933525178e-01
-2.992132393682636e-01
-5.000299658979062e-01
-9.440195441367610e-01
-1.388009122375616e+00
-1.588825848905258e+00
-1.483229394921004e+00
-1.273394969544021e+00
-8.094207343967388e-01
-5.995863090197556e-01
-4.939898550355014e-01
-6.948065815651440e-01
-1.138796159803999e+00
-1.582785738042854e+00
-1.783602464572496e+00
-1.678006010588242e+00
-1.468171585211259e+00
-6.728337956511103e-01
-4.629993702741271e-01
-3.574029162898729e-01
-5.582196428195154e-01
-1.002209221058370e+00
-1.446198799297225e+00
-1.647015525826868e+00
-1.541419071842614e+00
-1.331584646465630e+00
-3.407181788444927e-01
-1.308837534675096e-01
-2.528729948325545e-02
-2.261040260128979e-01
-6.700936042517529e-01
-1.114083182490608e+00
-1.314899909020250e+00
-1.209303455035996e+00
-9.994690296590129e-01
3.293754254072604e-01
5.392098507842435e-01
6.448063047684977e-01
4.439895782388550e-01
1.076482306990164e-16
-4.439895782388548e-01
-6.448063047684972e-01
-5.392098507842430e-01
-3.293754254072598e-01
6.614910422138778e-01
8.713254675908608e-01
9.769219215751150e-01
7.761051950454725e-01
3.321156168066175e-01
-1.118739614322374e-01
-3.126906879618798e-01
-2.070942339776255e-01
2.740191399357619e-03
7.980779809595061e-01
1.007912406336489e+00
1.113508860320743e+00
9.126921337911009e-01
4.687025555522459e-01
2.471297731339100e-02
-1.761037492162514e-01
-7.050729523199713e-02
1.393271301449860e-01
6.033013652922682e-01
8.131357906692512e-01
9.187322446535056e-01
7.179155181238630e-01
2.739259398850080e-01
-1.700636383538469e-01
-3.708803648834893e-01
-2.652839108992351e-01
-5.544948552225189e-02
1.603864316846924e-01
3.702208570616755e-01
4.758173110459297e-01
2.750005845162872e-01
-1.689889937225678e-01
-6.129785719614227e-01
-8.137952984910651e-01
-7.081988445068108e-01
-4.983644191298277e-01
-2.825285019228834e-01
-7.269407654590029e-02
3.290237743835388e-02
-1.679143490912886e-01
-6.119039273301436e-01
-1.055893505568998e+00
-1.256710232098641e+00
-1.151113778114387e+00
-9.412793527374035e-01
-4.773051175901213e-01
-2.674706922131382e-01
-1.618742382288840e-01
-3.626909647585265e-01
-8.066805429973813e-01
-1.250670121236236e+00
-1.451486847765879e+00
-1.345890393781625e+00
-1.136055968404641e+00
-3.407181788444928e-01
-1.308837534675096e-01
-2.528729948325547e-02
-2.261040260128980e-01
-6.700936042517529e-01
-1.114083182490608e+00
-1.314899909020250e+00
-1.209303455035996e+00
-9.994690296590129e-01
-8.602562037875273e-03
2.012318633391078e-01
3.068283173233620e-01
1.060115907937195e-01
-3.379779874451355e-01
-7.819675656839904e-01
-9.827842922136327e-01
-8.771878382293786e-01
-6.673534128523955e-01
