6.673582978234511e-01
8.771915055931373e-01
9.827888826304556e-01
7.819720183488044e-01
3.379823816410898e-01
-1.060072550666238e-01
-3.068241193482742e-01
-2.012267423109544e-01
8.606465458729038e-03
9.994707190704589e-01
1.209303926840149e+00
1.314901303877471e+00
1.114084439595816e+00
6.700948028881000e-01
2.261051661803856e-01
2.528830189873477e-02
1.308856789360549e-01
3.407188867057386e-01
1.136058706788510e+00
1.345891914558187e+00
1.451489291595509e+00
1.250672427313857e+00
8.066827906061443e-01
3.626931538984297e-01
1.618762896167787e-01
2.674736666540998e-01
4.773068744237825e-01
9.412821246987675e-01
1.151115332468447e+00
1.256712709505769e+00
1.055895845224120e+00
6.119062085164052e-01
1.679165718086916e-01
-3.290029247295850e-02
7.269708456436158e-02
2.825302923340444e-01
4.983671070029055e-01
7.082003147725884e-01
8.137976918099095e-01
6.129808275282593e-01
1.689911908205448e-01
-2.749984458871694e-01
-4.758153101688199e-01
-3.702179331314994e-01
-1.603847253618161e-01
5.545208930704580e-02
2.652852970767293e-01
3.708826741140482e-01
1.700658098323983e-01
-2.739238268753159e-01
-7.179134635830301e-01
-9.187303278646799e-01
-8.131329508273615e-01
-6.032997430576781e-01
-1.393244927826914e-01
7.050871498699207e-02
1.761060920243122e-01
-2.471077225733864e-02
-4.687004089650522e-01
-9.126900456727682e-01
-1.113506909954415e+00
-1.007909532917102e+00
-7.980763251474150e-01
-2.736505064647025e-03
2.070967027050366e-01
3.126940797423563e-01
1.118772154607057e-01
-3.321124212470087e-01
-7.761020579547244e-01
-9.769189222363740e-01
-8.713215451990558e-01
-6.614883374293735e-01
3.293759161823622e-01
5.392091239520452e-01
6.448065009893671e-01
4.439896367077145e-01
1.200945815480372e-16
-4.439896367077142e-01
-6.448065009893666e-01
-5.392091239520447e-01
-3.293759161823616e-01
9.994707190704589e-01
1.209303926840149e+00
1.314901303877471e+00
1.114084439595816e+00
6.700948028881000e-01
2.261051661803856e-01
2.528830189873477e-02
1.308856789360549e-01
3.407188867057386e-01
1.331583140317463e+00
1.541416348087148e+00
1.647013725124475e+00
1.446196860842827e+00
1.002207224135113e+00
5.582175874273941e-01
3.574007231457442e-01
4.629981001830635e-01
6.728313079527461e-01
1.468171128035515e+00
1.678004335805201e+00
1.783601712842520e+00
1.582784848560869e+00
1.138795211853155e+00
6.948055751454386e-01
4.939887108637875e-01
5.995860879011088e-01
8.094192956707907e-01
1.273394545945777e+00
1.483227753715459e+00
1.588825130752780e+00
1.388008266471129e+00
9.440186297634171e-01
5.000289930556994e-01
2.992121287740507e-01
4.048095058113713e-01
6.146427135810553e-01
8.304795282499158e-01
1.040312736019595e+00
1.145910113056918e+00
9.450932487752667e-01
5.011036120675562e-01
5.711397535983976e-02
-1.437028889218113e-01
-3.810551188449061e-02
1.717276958851930e-01
3.875645105540551e-01
5.973977183237379e-01
7.029950953610576e-01
5.021782310794070e-01
5.818859437169330e-02
-3.858010423360207e-01
-5.866179066176735e-01
-4.810205295803510e-01
-2.711873218106690e-01
1.927879284643182e-01
4.026211362340012e-01
5.082185132713207e-01
3.074016489896704e-01
-1.365879877180435e-01
-5.805776244257579e-01
-7.813944887074080e-01
-6.757971116700909e-01
-4.659639039004069e-01
3.293759161823625e-01
5.392091239520453e-01
6.448065009893674e-01
4.439896367077145e-01
5.656600856844295e-17
-4.439896367077144e-01
-6.448065009893671e-01
-5.392091239520449e-01
-3.293759161823620e-01
6.614883374293741e-01
8.713215451990562e-01
9.769189222363743e-01
7.761020579547245e-01
3.321124212470088e-01
-1.118772154607054e-01
-3.126940797423559e-01
-2.070967027050361e-01
2.736505064647516e-03
1.136058706788510e+00
1.345891914558187e+00
1.451489291595509e+00
1.250672427313857e+00
8.066827906061443e-01
3.626931538984297e-01
1.618762896167787e-01
2.674736666540998e-01
4.773068744237824e-01
1.468171128035515e+00
1.678004335805201e+00
1.783601712842520e+00
1.582784848560869e+00
1.138795211853155e+00
6.948055751454386e-01
4.939887108637875e-01
5.995860879011088e-01
8.094192956707907e-01
1.604759115753558e+00
1.814592323523245e+00
1.920189700560562e+00
1.719372836278912e+00
1.275383199571202e+00
8.313935628634843e-01
6.305766985818313e-01
7.361740756191500e-01
9.460072833888331e-01
1.409982533663825e+00
1.619815741433506e+00
1.725413118470826e+00
1.524596254189175e+00
1.080606617481463e+00
6.366169807737455e-01
4.358001164920941e-01
5.413974935294130e-01
7.512307012990979e-01
9.670675159679613e-01
1.176900723737643e+00
1.282498100774961e+00
1.081681236493315e+00
6.376915997856007e-01
1.937019630778845e-01
-7.114901203766570e-03
9.848247583355331e-02
3.083156836032371e-01
5.241524982721004e-01
7.339857060417827e-01
8.395830830791022e-01
6.387662187974517e-01
1.947765820897380e-01
-2.492130546179772e-01
-4.500299188996276e-01
-3.444325418623082e-01
-1.345993340926245e-01
3.293759161823621e-01
5.392091239520453e-01
6.448065009893673e-01
4.439896367077143e-01
-2.616149484546728e-17
-4.439896367077143e-01
-6.448065009893673e-01
-5.392091239520451e-01
-3.293759161823619e-01
4.659639039004072e-01
6.757971116700913e-01
7.813944887074082e-01
5.805776244257579e-01
1.365879877180435e-01
-3.074016489896704e-01
-5.082185132713206e-01
-4.026211362340009e-01
-1.927879284643179e-01
7.980763251474153e-01
1.007909532917102e+00
1.113506909954416e+00
9.126900456727683e-01
4.687004089650522e-01
2.471077225733877e-02
-1.761060920243120e-01
-7.050871498699175e-02
1.393244927826918e-01
9.412821246987675e-01
1.151115332468447e+00
1.256712709505769e+00
1.055895845224120e+00
6.119062085164052e-01
1.679165718086916e-01
-3.290029247295850e-02
7.269708456436158e-02
2.825302923340444e-01
1.273394545945777e+00
1.483227753715459e+00
1.588825130752780e+00
1.388008266471129e+00
9.440186297634171e-01
5.000289930556994e-01
2.992121287740507e-01
4.048095058113713e-01
6.146427135810553e-01
1.409982533663825e+00
1.619815741433506e+00
1.725413118470826e+00
1.524596254189175e+00
1.080606617481463e+00
6.366169807737455e-01
4.358001164920941e-01
5.413974935294130e-01
7.512307012990979e-01
1.215205951574088e+00
1.425039159343769e+00
1.530636536381087e+00
1.329819672099436e+00
8.858300353917217e-01
4.418403986840079e-01
2.410235344023569e-01
3.466209114396773e-01
5.564541192093608e-01
7.722909338782211e-01
9.821241416479060e-01
1.087721518685226e+00
8.869046544035738e-01
4.429150176958607e-01
-1.074619011853001e-03
-2.018914832935038e-01
-9.629410625618379e-02
1.135391015135001e-01
3.293759161823613e-01
5.392091239520447e-01
6.448065009893665e-01
4.439896367077138e-01
-1.302152460655680e-16
-4.439896367077140e-01
-6.448065009893665e-01
-5.392091239520447e-01
-3.293759161823612e-01
1.345993340926246e-01
3.444325418623083e-01
4.500299188996277e-01
2.492130546179771e-01
-1.947765820897382e-01
-6.387662187974518e-01
-8.395830830791022e-01
-7.339857060417826e-01
-5.241524982721003e-01
2.711873218106693e-01
4.810205295803512e-01
5.866179066176738e-01
3.858010423360207e-01
-5.818859437169333e-02
-5.021782310794070e-01
-7.029950953610575e-01
-5.973977183237377e-01
-3.875645105540549e-01
6.032997430576784e-01
8.131329508273617e-01
9.187303278646801e-01
7.179134635830301e-01
2.739238268753159e-01
-1.700658098323983e-01
-3.708826741140482e-01
-2.652852970767292e-01
-5.545208930704554e-02
4.983671070029055e-01
7.082003147725884e-01
8.137976918099095e-01
6.129808275282593e-01
1.689911908205448e-01
-2.749984458871694e-01
-4.758153101688199e-01
-3.702179331314994e-01
-1.603847253618161e-01
8.304795282499159e-01
1.040312736019595e+00
1.145910113056918e+00
9.450932487752667e-01
5.011036120675562e-01
5.711397535983976e-02
-1.437028889218113e-01
-3.810551188449061e-02
1.717276958851930e-01
9.670675159679614e-01
1.176900723737643e+00
1.282498100774961e+00
1.081681236493315e+00
6.376915997856007e-01
1.937019630778845e-01
-7.114901203766566e-03
9.848247583355331e-02
3.083156836032371e-01
7.722909338782211e-01
9.821241416479060e-01
1.087721518685226e+00
8.869046544035738e-01
4.429150176958607e-01
-1.074619011852990e-03
-2.018914832935038e-01
-9.629410625618379e-02
1.135391015135001e-01
3.293759161823608e-01
5.392091239520438e-01
6.448065009893656e-01
4.439896367077135e-01
-1.791497059225893e-16
-4.439896367077138e-01
-6.448065009893659e-01
-5.392091239520439e-01
-3.293759161823607e-01
-1.135391015135000e-01
9.629410625618380e-02
2.018914832935037e-01
1.074619011852760e-03
-4.429150176958610e-01
-8.869046544035741e-01
-1.087721518685226e+00
-9.821241416479060e-01
-7.722909338782210e-01
-3.083156836032370e-01
-9.848247583355320e-02
7.114901203766555e-03
-1.937019630778846e-01
-6.376915997856010e-01
-1.081681236493315e+00
-1.282498100774961e+00
-1.176900723737643e+00
-9.670675159679613e-01
-1.717276958851927e-01
3.810551188449078e-02
1.437028889218114e-01
-5.711397535983978e-02
-5.011036120675562e-01
-9.450932487752667e-01
-1.145910113056918e+00
-1.040312736019595e+00
-8.304795282499156e-01
1.603847253618164e-01
3.702179331314995e-01
4.758153101688201e-01
2.749984458871694e-01
-1.689911908205449e-01
-6.129808275282594e-01
-8.137976918099095e-01
-7.082003147725883e-01
-4.983671070029053e-01
5.545208930704582e-02
2.652852970767293e-01
3.708826741140482e-01
1.700658098323983e-01
-2.739238268753159e-01
-7.179134635830301e-01
-9.187303278646799e-01
-8.131329508273615e-01
-6.032997430576781e-01
3.875645105540552e-01
5.973977183237379e-01
7.029950953610576e-01
5.021782310794070e-01
5.818859437169330e-02
-3.858010423360207e-01
-5.866179066176737e-01
-4.810205295803510e-01
-2.711873218106690e-01
5.241524982721004e-01
7.339857060417827e-01
8.395830830791023e-01
6.387662187974517e-01
1.947765820897380e-01
-2.492130546179771e-01
-4.500299188996277e-01
-3.444325418623082e-01
-1.345993340926245e-01
3.293759161823613e-01
5.392091239520447e-01
6.448065009893665e-01
4.439896367077138e-01
-1.267671750448770e-16
-4.439896367077140e-01
-6.448065009893665e-01
-5.392091239520447e-01
-3.293759161823612e-01
-1.135391015135000e-01
9.629410625618380e-02
2.018914832935037e-01
1.074619011852762e-03
-4.429150176958610e-01
-8.869046544035741e-01
-1.087721518685226e+00
-9.821241416479060e-01
-7.722909338782210e-01
-5.564541192093608e-01
-3.466209114396772e-01
-2.410235344023570e-01
-4.418403986840081e-01
-8.858300353917218e-01
-1.329819672099436e+00
-1.530636536381087e+00
-1.425039159343769e+00
-1.215205951574088e+00
-7.512307012990976e-01
-5.413974935294129e-01
-4.358001164920941e-01
-6.366169807737455e-01
-1.080606617481463e+00
-1.524596254189175e+00
-1.725413118470826e+00
-1.619815741433506e+00
-1.409982533663825e+00
-6.146427135810549e-01
-4.048095058113710e-01
-2.992121287740506e-01
-5.000289930556994e-01
-9.440186297634171e-01
-1.388008266471128e+00
-1.588825130752780e+00
-1.483227753715458e+00
-1.273394545945776e+00
-2.825302923340441e-01
-7.269708456436137e-02
3.290029247295863e-02
-1.679165718086916e-01
-6.119062085164052e-01
-1.055895845224120e+00
-1.256712709505769e+00
-1.151115332468446e+00
-9.412821246987672e-01
-1.393244927826914e-01
7.050871498699207e-02
1.761060920243122e-01
-2.471077225733863e-02
-4.687004089650522e-01
-9.126900456727682e-01
-1.113506909954415e+00
-1.007909532917102e+00
-7.980763251474150e-01
1.927879284643182e-01
4.026211362340012e-01
5.082185132713207e-01
3.074016489896704e-01
-1.365879877180435e-01
-5.805776244257579e-01
-7.813944887074081e-01
-6.757971116700909e-01
-4.659639039004069e-01
3.293759161823621e-01
5.392091239520453e-01
6.448065009893673e-01
4.439896367077143e-01
-2.541961465537442e-17
-4.439896367077143e-01
-6.448065009893673e-01
-5.392091239520451e-01
-3.293759161823619e-01
1.345993340926246e-01
3.444325418623083e-01
4.500299188996277e-01
2.492130546179771e-01
-1.947765820897382e-01
-6.387662187974518e-01
-8.395830830791022e-01
-7.339857060417826e-01
-5.241524982721003e-01
-3.083156836032370e-01
-9.848247583355320e-02
7.114901203766550e-03
-1.937019630778846e-01
-6.376915997856010e-01
-1.081681236493315e+00
-1.282498100774961e+00
-1.176900723737643e+00
-9.670675159679613e-01
-7.512307012990976e-01
-5.413974935294129e-01
-4.358001164920941e-01
-6.366169807737455e-01
-1.080606617481463e+00
-1.524596254189175e+00
-1.725413118470826e+00
-1.619815741433506e+00
-1.409982533663825e+00
-9.460072833888328e-01
-7.361740756191497e-01
-6.305766985818312e-01
-8.313935628634842e-01
-1.275383199571202e+00
-1.719372836278912e+00
-1.920189700560562e+00
-1.814592323523245e+00
-1.604759115753557e+00
-8.094192956707904e-01
-5.995860879011086e-01
-4.939887108637874e-01
-6.948055751454385e-01
-1.138795211853155e+00
-1.582784848560869e+00
-1.783601712842520e+00
-1.678004335805201e+00
-1.468171128035514e+00
-4.773068744237822e-01
-2.674736666540994e-01
-1.618762896167785e-01
-3.626931538984295e-01
-8.066827906061443e-01
-1.250672427313857e+00
-1.451489291595508e+00
-1.345891914558187e+00
-1.136058706788510e+00
-2.736505064647032e-03
2.070967027050366e-01
3.126940797423563e-01
1.118772154607057e-01
-3.321124212470087e-01
-7.761020579547244e-01
-9.769189222363740e-01
-8.713215451990558e-01
-6.614883374293735e-01
3.293759161823625e-01
5.392091239520453e-01
6.448065009893674e-01
4.439896367077146e-01
5.205334600855236e-17
-4.439896367077145e-01
-6.448065009893672e-01
-5.392091239520449e-01
-3.293759161823620e-01
4.659639039004072e-01
6.757971116700913e-01
7.813944887074082e-01
5.805776244257580e-01
1.365879877180435e-01
-3.074016489896704e-01
-5.082185132713206e-01
-4.026211362340009e-01
-1.927879284643179e-01
2.711873218106693e-01
4.810205295803512e-01
5.866179066176738e-01
3.858010423360207e-01
-5.818859437169333e-02
-5.021782310794070e-01
-7.029950953610575e-01
-5.973977183237377e-01
-3.875645105540549e-01
-1.717276958851927e-01
3.810551188449078e-02
1.437028889218114e-01
-5.711397535983978e-02
-5.011036120675563e-01
-9.450932487752667e-01
-1.145910113056918e+00
-1.040312736019595e+00
-8.304795282499156e-01
-6.146427135810549e-01
-4.048095058113710e-01
-2.992121287740506e-01
-5.000289930556994e-01
-9.440186297634171e-01
-1.388008266471128e+00
-1.588825130752780e+00
-1.483227753715459e+00
-1.273394545945776e+00
-8.094192956707904e-01
-5.995860879011086e-01
-4.939887108637874e-01
-6.948055751454385e-01
-1.138795211853155e+00
-1.582784848560869e+00
-1.783601712842520e+00
-1.678004335805201e+00
-1.468171128035514e+00
-6.728313079527459e-01
-4.629981001830631e-01
-3.574007231457439e-01
-5.582175874273939e-01
-1.002207224135113e+00
-1.446196860842827e+00
-1.647013725124474e+00
-1.541416348087147e+00
-1.331583140317463e+00
-3.407188867057382e-01
-1.308856789360544e-01
-2.528830189873440e-02
-2.261051661803853e-01
-6.700948028880997e-01
-1.114084439595816e+00
-1.314901303877470e+00
-1.209303926840148e+00
-9.994707190704581e-01
3.293759161823622e-01
5.392091239520452e-01
6.448065009893671e-01
4.439896367077145e-01
1.162461908910660e-16
-4.439896367077142e-01
-6.448065009893666e-01
-5.392091239520447e-01
-3.293759161823616e-01
6.614883374293741e-01
8.713215451990562e-01
9.769189222363743e-01
7.761020579547246e-01
3.321124212470088e-01
-1.118772154607054e-01
-3.126940797423560e-01
-2.070967027050361e-01
2.736505064647516e-03
7.980763251474153e-01
1.007909532917102e+00
1.113506909954416e+00
9.126900456727685e-01
4.687004089650523e-01
2.471077225733876e-02
-1.761060920243120e-01
-7.050871498699177e-02
1.393244927826918e-01
6.032997430576784e-01
8.131329508273618e-01
9.187303278646801e-01
7.179134635830301e-01
2.739238268753159e-01
-1.700658098323983e-01
-3.708826741140482e-01
-2.652852970767292e-01
-5.545208930704554e-02
1.603847253618164e-01
3.702179331314995e-01
4.758153101688201e-01
2.749984458871694e-01
-1.689911908205449e-01
-6.129808275282594e-01
-8.137976918099095e-01
-7.082003147725883e-01
-4.983671070029053e-01
-2.825302923340441e-01
-7.269708456436136e-02
3.290029247295864e-02
-1.679165718086916e-01
-6.119062085164052e-01
-1.055895845224120e+00
-1.256712709505769e+00
-1.151115332468446e+00
-9.412821246987672e-01
-4.773068744237822e-01
-2.674736666540994e-01
-1.618762896167785e-01
-3.626931538984295e-01
-8.066827906061443e-01
-1.250672427313857e+00
-1.451489291595509e+00
-1.345891914558187e+00
-1.136058706788510e+00
-3.407188867057382e-01
-1.308856789360544e-01
-2.528830189873441e-02
-2.261051661803853e-01
-6.700948028880997e-01
-1.114084439595816e+00
-1.314901303877470e+00
-1.209303926840148e+00
-9.994707190704581e-01
-8.606465458728511e-03
2.012267423109549e-01
3.068241193482746e-01
1.060072550666241e-01
-3.379823816410896e-01
-7.819720183488040e-01
-9.827888826304549e-01
-8.771915055931366e-01
-6.673582978234505e-01
