6.673620999379427e-01
8.771913664002501e-01
9.827866021353975e-01
7.819705305540856e-01
3.379834538128171e-01
-1.060036229284735e-01
-3.068196945097882e-01
-2.012244587746266e-01
8.604807687669814e-03
9.994722248132613e-01
1.209301491275586e+00
1.314896727010721e+00
1.114080655429407e+00
6.700935786881318e-01
2.261065019468440e-01
2.529043036552905e-02
1.308856661006892e-01
3.407149325629875e-01
1.136058570116428e+00
1.345887836578725e+00
1.451483072313883e+00
1.250667000732552e+00
8.066799239912711e-01
3.626928472499957e-01
1.618767756686741e-01
2.674720114038343e-01
4.773012778661392e-01
9.412828398093838e-01
1.151112106271706e+00
1.256707342006830e+00
1.055891270425531e+00
6.119041936842320e-01
1.679171169429448e-01
-3.289895463836735e-02
7.269628109679276e-02
2.825255475590900e-01
4.983703730315438e-01
7.081996394938496e-01
8.137948752290085e-01
6.129788036476896e-01
1.689917269064035e-01
-2.749953498348768e-01
-4.758114214161905e-01
-3.702161856810403e-01
-1.603869192187423e-01
5.545790625372166e-02
2.652871727160197e-01
3.708824084511845e-01
1.700663368698641e-01
-2.739207398714207e-01
-7.179078166126998e-01
-9.187238881940298e-01
-8.131286524588771e-01
-6.032993859965795e-01
-1.393178240533159e-01
7.051144240898015e-02
1.761066781441390e-01
-2.470939343718141e-02
-4.686964701784584e-01
-9.126835469197576e-01
-1.113499618501064e+00
-1.007904382765881e+00
-7.980751163036046e-01
-2.731478750169209e-03
2.070977877121253e-01
3.126930234472768e-01
1.118769518659603e-01
-3.321101248753236e-01
-7.760972016166162e-01
-9.769132731979392e-01
-8.713180374627587e-01
-6.614887710004631e-01
3.293786461251400e-01
5.392079125874358e-01
6.448031483225931e-01
4.439870767412817e-01
-3.028714110157047e-15
-4.439870767412857e-01
-6.448031483226001e-01
-5.392079125874339e-01
-3.293786461251423e-01
9.994722248132613e-01
1.209301491275586e+00
1.314896727010721e+00
1.114080655429407e+00
6.700935786881318e-01
2.261065019468440e-01
2.529043036552906e-02
1.308856661006892e-01
3.407149325629875e-01
1.331582349688596e+00
1.541411616150925e+00
1.647006851886055e+00
1.446190780304744e+00
1.002203703563454e+00
5.582166268221643e-01
3.574005552408434e-01
4.629957909760006e-01
6.728250574383008e-01
1.468168694991771e+00
1.677997961454083e+00
1.783593197189202e+00
1.582777125607883e+00
1.138790048866583e+00
6.948029721253047e-01
4.939869005439951e-01
5.995821362791577e-01
8.094114027414474e-01
1.273392964684705e+00
1.483222231146991e+00
1.588817466882157e+00
1.388001395300840e+00
9.440143185595495e-01
5.000272418182561e-01
2.992111702369467e-01
4.048064059721146e-01
6.146356724344131e-01
8.304804979068724e-01
1.040309764369162e+00
1.145905000104304e+00
9.450889285230020e-01
5.011018517817254e-01
5.711477504043974e-02
-1.437012965408780e-01
-3.810606080571846e-02
1.717232056565781e-01
3.875680311290446e-01
5.973972975913343e-01
7.029925333264895e-01
5.021764617451885e-01
5.818938500389774e-02
-3.857976917373849e-01
-5.866137633187212e-01
-4.810185275835582e-01
-2.711892611212560e-01
1.927923008220011e-01
4.026215672842973e-01
5.082168030194645e-01
3.074007314381444e-01
-1.365863453031480e-01
-5.805734220444386e-01
-7.813894936257585e-01
-6.757942578905899e-01
-4.659649914282881e-01
3.293786461251513e-01
5.392079125874548e-01
6.448031483226085e-01
4.439870767412844e-01
-6.099975532287624e-16
-4.439870767412847e-01
-6.448031483226023e-01
-5.392079125874364e-01
-3.293786461251365e-01
6.614887710004725e-01
8.713180374627668e-01
9.769132731979148e-01
7.760972016166076e-01
3.321101248753233e-01
-1.118769518659655e-01
-3.126930234472801e-01
-2.070977877121214e-01
2.731478750179611e-03
1.136058570116428e+00
1.345887836578725e+00
1.451483072313884e+00
1.250667000732553e+00
8.066799239912711e-01
3.626928472499957e-01
1.618767756686741e-01
2.674720114038343e-01
4.773012778661391e-01
1.468168694991771e+00
1.677997961454084e+00
1.783593197189203e+00
1.582777125607883e+00
1.138790048866583e+00
6.948029721253047e-01
4.939869005439952e-01
5.995821362791576e-01
8.094114027414474e-01
1.604755040294918e+00
1.814584306757224e+00
1.920179542492408e+00
1.719363470911038e+00
1.275376394169776e+00
8.313893174284530e-01
6.305732458471458e-01
7.361684815823116e-01
9.459977480445977e-01
1.409979309987855e+00
1.619808576450171e+00
1.725403812185311e+00
1.524587740603997e+00
1.080600663862729e+00
6.366135871214179e-01
4.357975155401041e-01
5.413927512752674e-01
7.512220177375440e-01
9.670668432100135e-01
1.176896109672315e+00
1.282491345407450e+00
1.081675273826136e+00
6.376881970848790e-01
1.937011203435914e-01
-7.114951237729345e-03
9.848028449743157e-02
3.083095509597321e-01
5.241543764321824e-01
7.339836428944839e-01
8.395788786296424e-01
6.387628070483328e-01
1.947757303070459e-01
-2.492113464342433e-01
-4.500274180155625e-01
-3.444321822804022e-01
-1.346029158181015e-01
3.293786461251470e-01
5.392079125874494e-01
6.448031483226099e-01
4.439870767412823e-01
1.905689453083562e-15
-4.439870767412786e-01
-6.448031483225908e-01
-5.392079125874327e-01
-3.293786461251343e-01
4.659649914282962e-01
6.757942578906138e-01
7.813894936257451e-01
5.805734220444370e-01
1.365863453031532e-01
-3.074007314381289e-01
-5.082168030194382e-01
-4.026215672842848e-01
-1.927923008219895e-01
7.980751163036174e-01
1.007904382765887e+00
1.113499618501059e+00
9.126835469197472e-01
4.686964701784649e-01
2.470939343718381e-02
-1.761066781441308e-01
-7.051144240897268e-02
1.393178240533308e-01
9.412828398093838e-01
1.151112106271706e+00
1.256707342006831e+00
1.055891270425532e+00
6.119041936842320e-01
1.679171169429448e-01
-3.289895463836737e-02
7.269628109679276e-02
2.825255475590900e-01
1.273392964684705e+00
1.483222231146991e+00
1.588817466882158e+00
1.388001395300840e+00
9.440143185595495e-01
5.000272418182561e-01
2.992111702369467e-01
4.048064059721146e-01
6.146356724344131e-01
1.409979309987855e+00
1.619808576450171e+00
1.725403812185311e+00
1.524587740603997e+00
1.080600663862729e+00
6.366135871214179e-01
4.357975155401041e-01
5.413927512752674e-01
7.512220177375440e-01
1.215203579680815e+00
1.425032846143098e+00
1.530628081878273e+00
1.329812010296914e+00
8.858249335556597e-01
4.418378568143763e-01
2.410217852330647e-01
3.466170209682206e-01
5.564462874305023e-01
7.722911129029874e-01
9.821203793653011e-01
1.087715615100423e+00
8.868995435191066e-01
4.429124667778289e-01
-1.074609963453176e-03
-2.018906815447714e-01
-9.629544580960910e-02
1.135338206526850e-01
3.293786461251414e-01
5.392079125874484e-01
6.448031483226031e-01
4.439870767412795e-01
1.259408396526215e-15
-4.439870767412785e-01
-6.448031483225957e-01
-5.392079125874356e-01
-3.293786461251383e-01
1.346029158181014e-01
3.444321822803882e-01
4.500274180155583e-01
2.492113464342440e-01
-1.947757303070378e-01
-6.387628070483182e-01
-8.395788786296311e-01
-7.339836428944619e-01
-5.241543764321775e-01
2.711892611212484e-01
4.810185275835411e-01
5.866137633186925e-01
3.857976917373900e-01
-5.818938500389421e-02
-5.021764617451776e-01
-7.029925333264905e-01
-5.973972975913373e-01
-3.875680311290390e-01
6.032993859965790e-01
8.131286524588762e-01
9.187238881940107e-01
7.179078166127075e-01
2.739207398714197e-01
-1.700663368698658e-01
-3.708824084511759e-01
-2.652871727160176e-01
-5.545790625371833e-02
4.983703730315437e-01
7.081996394938496e-01
8.137948752290085e-01
6.129788036476898e-01
1.689917269064035e-01
-2.749953498348768e-01
-4.758114214161905e-01
-3.702161856810403e-01
-1.603869192187423e-01
8.304804979068724e-01
1.040309764369162e+00
1.145905000104304e+00
9.450889285230020e-01
5.011018517817254e-01
5.711477504043974e-02
-1.437012965408780e-01
-3.810606080571848e-02
1.717232056565782e-01
9.670668432100133e-01
1.176896109672315e+00
1.282491345407450e+00
1.081675273826136e+00
6.376881970848790e-01
1.937011203435914e-01
-7.114951237729344e-03
9.848028449743157e-02
3.083095509597321e-01
7.722911129029871e-01
9.821203793653011e-01
1.087715615100423e+00
8.868995435191066e-01
4.429124667778289e-01
-1.074609963453190e-03
-2.018906815447714e-01
-9.629544580960914e-02
1.135338206526851e-01
3.293786461251385e-01
5.392079125874568e-01
6.448031483225974e-01
4.439870767412760e-01
-1.370912660735718e-15
-4.439870767412824e-01
-6.448031483225972e-01
-5.392079125874361e-01
-3.293786461251436e-01
-1.135338206526865e-01
9.629544580961576e-02
2.018906815447726e-01
1.074609963455406e-03
-4.429124667778304e-01
-8.868995435191154e-01
-1.087715615100408e+00
-9.821203793652640e-01
-7.722911129029697e-01
-3.083095509597317e-01
-9.848028449742867e-02
7.114951237733612e-03
-1.937011203435839e-01
-6.376881970848668e-01
-1.081675273826131e+00
-1.282491345407476e+00
-1.176896109672278e+00
-9.670668432100021e-01
-1.717232056565769e-01
3.810606080571868e-02
1.437012965408775e-01
-5.711477504043771e-02
-5.011018517817251e-01
-9.450889285229949e-01
-1.145905000104306e+00
-1.040309764369162e+00
-8.304804979068594e-01
1.603869192187393e-01
3.702161856810401e-01
4.758114214162024e-01
2.749953498348737e-01
-1.689917269064073e-01
-6.129788036476994e-01
-8.137948752289925e-01
-7.081996394938489e-01
-4.983703730315539e-01
5.545790625372159e-02
2.652871727160198e-01
3.708824084511845e-01
1.700663368698640e-01
-2.739207398714207e-01
-7.179078166126999e-01
-9.187238881940298e-01
-8.131286524588771e-01
-6.032993859965795e-01
3.875680311290445e-01
5.973972975913342e-01
7.029925333264896e-01
5.021764617451885e-01
5.818938500389773e-02
-3.857976917373849e-01
-5.866137633187211e-01
-4.810185275835582e-01
-2.711892611212560e-01
5.241543764321824e-01
7.339836428944839e-01
8.395788786296424e-01
6.387628070483328e-01
1.947757303070459e-01
-2.492113464342433e-01
-4.500274180155625e-01
-3.444321822804021e-01
-1.346029158181015e-01
3.293786461251413e-01
5.392079125874484e-01
6.448031483226031e-01
4.439870767412795e-01
1.229399289754416e-15
-4.439870767412786e-01
-6.448031483225960e-01
-5.392079125874356e-01
-3.293786461251381e-01
-1.135338206526866e-01
9.629544580961576e-02
2.018906815447726e-01
1.074609963455393e-03
-4.429124667778304e-01
-8.868995435191155e-01
-1.087715615100408e+00
-9.821203793652640e-01
-7.722911129029697e-01
-5.564462874305273e-01
-3.466170209682134e-01
-2.410217852330501e-01
-4.418378568143682e-01
-8.858249335556569e-01
-1.329812010296934e+00
-1.530628081878293e+00
-1.425032846143100e+00
-1.215203579680797e+00
-7.512220177375604e-01
-5.413927512752534e-01
-4.357975155400861e-01
-6.366135871213993e-01
-1.080600663862705e+00
-1.524587740603988e+00
-1.725403812185298e+00
-1.619808576450152e+00
-1.409979309987828e+00
-6.146356724344153e-01
-4.048064059721047e-01
-2.992111702369452e-01
-5.000272418182717e-01
-9.440143185595493e-01
-1.388001395300827e+00
-1.588817466882176e+00
-1.483222231147006e+00
-1.273392964684695e+00
-2.825255475590880e-01
-7.269628109678936e-02
3.289895463837206e-02
-1.679171169429449e-01
-6.119041936842313e-01
-1.055891270425496e+00
-1.256707342006815e+00
-1.151112106271689e+00
-9.412828398093890e-01
-1.393178240533160e-01
7.051144240898015e-02
1.761066781441390e-01
-2.470939343718151e-02
-4.686964701784584e-01
-9.126835469197577e-01
-1.113499618501064e+00
-1.007904382765881e+00
-7.980751163036046e-01
1.927923008220011e-01
4.026215672842973e-01
5.082168030194645e-01
3.074007314381444e-01
-1.365863453031480e-01
-5.805734220444386e-01
-7.813894936257585e-01
-6.757942578905900e-01
-4.659649914282881e-01
3.293786461251469e-01
5.392079125874494e-01
6.448031483226099e-01
4.439870767412822e-01
1.912779754126791e-15
-4.439870767412786e-01
-6.448031483225908e-01
-5.392079125874326e-01
-3.293786461251343e-01
1.346029158181013e-01
3.444321822803882e-01
4.500274180155583e-01
2.492113464342440e-01
-1.947757303070377e-01
-6.387628070483181e-01
-8.395788786296311e-01
-7.339836428944617e-01
-5.241543764321773e-01
-3.083095509597317e-01
-9.848028449742867e-02
7.114951237733625e-03
-1.937011203435839e-01
-6.376881970848668e-01
-1.081675273826131e+00
-1.282491345407476e+00
-1.176896109672278e+00
-9.670668432100021e-01
-7.512220177375604e-01
-5.413927512752535e-01
-4.357975155400862e-01
-6.366135871213993e-01
-1.080600663862705e+00
-1.524587740603988e+00
-1.725403812185298e+00
-1.619808576450152e+00
-1.409979309987827e+00
-9.459977480446112e-01
-7.361684815823034e-01
-6.305732458471343e-01
-8.313893174284503e-01
-1.275376394169732e+00
-1.719363470911016e+00
-1.920179542492354e+00
-1.814584306757211e+00
-1.604755040294881e+00
-8.094114027414487e-01
-5.995821362791326e-01
-4.939869005439958e-01
-6.948029721253087e-01
-1.138790048866593e+00
-1.582777125607875e+00
-1.783593197189192e+00
-1.677997961454059e+00
-1.468168694991744e+00
-4.773012778661169e-01
-2.674720114038249e-01
-1.618767756686722e-01
-3.626928472499898e-01
-8.066799239912852e-01
-1.250667000732570e+00
-1.451483072313878e+00
-1.345887836578716e+00
-1.136058570116413e+00
-2.731478750169216e-03
2.070977877121253e-01
3.126930234472768e-01
1.118769518659603e-01
-3.321101248753236e-01
-7.760972016166162e-01
-9.769132731979392e-01
-8.713180374627588e-01
-6.614887710004631e-01
3.293786461251514e-01
5.392079125874548e-01
6.448031483226084e-01
4.439870767412843e-01
-6.029057698778758e-16
-4.439870767412847e-01
-6.448031483226023e-01
-5.392079125874364e-01
-3.293786461251365e-01
4.659649914282962e-01
6.757942578906138e-01
7.813894936257452e-01
5.805734220444370e-01
1.365863453031533e-01
-3.074007314381288e-01
-5.082168030194382e-01
-4.026215672842848e-01
-1.927923008219895e-01
2.711892611212482e-01
4.810185275835412e-01
5.866137633186926e-01
3.857976917373901e-01
-5.818938500389414e-02
-5.021764617451774e-01
-7.029925333264905e-01
-5.973972975913372e-01
-3.875680311290390e-01
-1.717232056565769e-01
3.810606080571868e-02
1.437012965408776e-01
-5.711477504043768e-02
-5.011018517817248e-01
-9.450889285229950e-01
-1.145905000104306e+00
-1.040309764369162e+00
-8.304804979068594e-01
-6.146356724344154e-01
-4.048064059721048e-01
-2.992111702369452e-01
-5.000272418182717e-01
-9.440143185595493e-01
-1.388001395300827e+00
-1.588817466882176e+00
-1.483222231147006e+00
-1.273392964684695e+00
-8.094114027414487e-01
-5.995821362791326e-01
-4.939869005439957e-01
-6.948029721253086e-01
-1.138790048866593e+00
-1.582777125607875e+00
-1.783593197189193e+00
-1.677997961454059e+00
-1.468168694991744e+00
-6.728250574382800e-01
-4.629957909759946e-01
-3.574005552408430e-01
-5.582166268221648e-01
-1.002203703563443e+00
-1.446190780304750e+00
-1.647006851886049e+00
-1.541411616150895e+00
-1.331582349688579e+00
-3.407149325629734e-01
-1.308856661006825e-01
-2.529043036553028e-02
-2.261065019468462e-01
-6.700935786881421e-01
-1.114080655429428e+00
-1.314896727010738e+00
-1.209301491275589e+00
-9.994722248132746e-01
3.293786461251399e-01
5.392079125874356e-01
6.448031483225930e-01
4.439870767412818e-01
-3.000488854772165e-15
-4.439870767412857e-01
-6.448031483226001e-01
-5.392079125874339e-01
-3.293786461251423e-01
6.614887710004725e-01
8.713180374627668e-01
9.769132731979152e-01
7.760972016166078e-01
3.321101248753233e-01
-1.118769518659655e-01
-3.126930234472801e-01
-2.070977877121214e-01
2.731478750179619e-03
7.980751163036174e-01
1.007904382765887e+00
1.113499618501059e+00
9.126835469197472e-01
4.686964701784649e-01
2.470939343718383e-02
-1.761066781441308e-01
-7.051144240897268e-02
1.393178240533308e-01
6.032993859965788e-01
8.131286524588762e-01
9.187238881940109e-01
7.179078166127075e-01
2.739207398714197e-01
-1.700663368698658e-01
-3.708824084511759e-01
-2.652871727160176e-01
-5.545790625371827e-02
1.603869192187393e-01
3.702161856810401e-01
4.758114214162024e-01
2.749953498348737e-01
-1.689917269064073e-01
-6.129788036476994e-01
-8.137948752289925e-01
-7.081996394938489e-01
-4.983703730315538e-01
-2.825255475590880e-01
-7.269628109678936e-02
3.289895463837209e-02
-1.679171169429448e-01
-6.119041936842313e-01
-1.055891270425496e+00
-1.256707342006815e+00
-1.151112106271689e+00
-9.412828398093884e-01
-4.773012778661168e-01
-2.674720114038249e-01
-1.618767756686722e-01
-3.626928472499897e-01
-8.066799239912849e-01
-1.250667000732570e+00
-1.451483072313878e+00
-1.345887836578716e+00
-1.136058570116413e+00
-3.407149325629734e-01
-1.308856661006825e-01
-2.529043036553025e-02
-2.261065019468461e-01
-6.700935786881420e-01
-1.114080655429428e+00
-1.314896727010738e+00
-1.209301491275589e+00
-9.994722248132746e-01
-8.604807687662166e-03
2.012244587746344e-01
3.068196945097812e-01
1.060036229284710e-01
-3.379834538128200e-01
-7.819705305541022e-01
-9.827866021354208e-01
-8.771913664002564e-01
-6.673620999379550e-01
