1.718269478283310e+01
8.807106781186548e+00
7.710259710444156e+00
8.807106781186533e+00
1.145512985522207e+01
1.410315292925760e+01
1.520000000000000e+01
1.410315292925759e+01
5.727564927611030e+00
8.807106781186551e+00
4.315187795399709e-01
-6.653282912024174e-01
4.315187795400064e-01
3.079541853575504e+00
5.727564927611031e+00
6.824411998353444e+00
5.727564927611030e+00
-2.648023074035533e+00
7.710259710444157e+00
-6.653282912024245e-01
-1.762175361944802e+00
-6.653282912024387e-01
1.982694782833107e+00
4.630717856868627e+00
5.727564927611033e+00
4.630717856868619e+00
-3.744870144777922e+00
8.807106781186533e+00
4.315187795400028e-01
-6.653282912024387e-01
4.315187795399993e-01
3.079541853575503e+00
5.727564927611032e+00
6.824411998353442e+00
5.727564927611032e+00
-2.648023074035528e+00
1.145512985522207e+01
3.079541853575504e+00
1.982694782833105e+00
3.079541853575503e+00
5.727564927611035e+00
8.375588001646561e+00
9.472435072388976e+00
8.375588001646555e+00
-8.881784197001252e-16
1.410315292925760e+01
5.727564927611031e+00
4.630717856868629e+00
5.727564927611031e+00
8.375588001646562e+00
1.102361107568209e+01
1.212045814642447e+01
1.102361107568209e+01
2.648023074035520e+00
1.520000000000000e+01
6.824411998353442e+00
5.727564927611033e+00
6.824411998353442e+00
9.472435072388977e+00
1.212045814642447e+01
1.321730521716691e+01
1.212045814642447e+01
3.744870144777933e+00
1.410315292925759e+01
5.727564927611030e+00
4.630717856868619e+00
5.727564927611032e+00
8.375588001646557e+00
1.102361107568209e+01
1.212045814642447e+01
1.102361107568209e+01
2.648023074035518e+00
5.727564927611034e+00
-2.648023074035530e+00
-3.744870144777922e+00
-2.648023074035526e+00
0.000000000000000e+00
2.648023074035522e+00
3.744870144777934e+00
2.648023074035520e+00
-5.727564927611037e+00
8.807106781186551e+00
4.315187795399691e-01
-6.653282912024174e-01
4.315187795400082e-01
3.079541853575504e+00
5.727564927611033e+00
6.824411998353443e+00
5.727564927611032e+00
-2.648023074035533e+00
4.315187795399744e-01
-7.944069222106556e+00
-9.040916292848955e+00
-7.944069222106585e+00
-5.296046148071044e+00
-2.648023074035528e+00
-1.551176003293120e+00
-2.648023074035535e+00
-1.102361107568206e+01
-6.653282912024210e-01
-9.040916292848951e+00
-1.013776336359140e+01
-9.040916292848973e+00
-6.392893218813434e+00
-3.744870144777927e+00
-2.648023074035525e+00
-3.744870144777915e+00
-1.212045814642450e+01
4.315187795400082e-01
-7.944069222106581e+00
-9.040916292848973e+00
-7.944069222106581e+00
-5.296046148071051e+00
-2.648023074035530e+00
-1.551176003293113e+00
-2.648023074035525e+00
-1.102361107568208e+01
3.079541853575503e+00
-5.296046148071040e+00
-6.392893218813427e+00
-5.296046148071051e+00
-2.648023074035526e+00
-4.440892098500626e-16
1.096847070742410e+00
-4.440892098500626e-16
-8.375588001646564e+00
5.727564927611034e+00
-2.648023074035528e+00
-3.744870144777929e+00
-2.648023074035530e+00
-4.440892098500626e-16
2.648023074035528e+00
3.744870144777935e+00
2.648023074035515e+00
-5.727564927611034e+00
6.824411998353445e+00
-1.551176003293119e+00
-2.648023074035525e+00
-1.551176003293113e+00
1.096847070742409e+00
3.744870144777933e+00
4.841717215520321e+00
3.744870144777937e+00
-4.630717856868625e+00
5.727564927611033e+00
-2.648023074035533e+00
-3.744870144777916e+00
-2.648023074035526e+00
-4.440892098500626e-16
2.648023074035514e+00
3.744870144777937e+00
2.648023074035515e+00
-5.727564927611040e+00
-2.648023074035528e+00
-1.102361107568205e+01
-1.212045814642450e+01
-1.102361107568208e+01
-8.375588001646564e+00
-5.727564927611033e+00
-4.630717856868626e+00
-5.727564927611036e+00
-1.410315292925759e+01
7.710259710444157e+00
-6.653282912024228e-01
-1.762175361944804e+00
-6.653282912024370e-01
1.982694782833107e+00
4.630717856868627e+00
5.727564927611034e+00
4.630717856868619e+00
-3.744870144777923e+00
-6.653282912024228e-01
-9.040916292848951e+00
-1.013776336359140e+01
-9.040916292848973e+00
-6.392893218813432e+00
-3.744870144777927e+00
-2.648023074035525e+00
-3.744870144777916e+00
-1.212045814642450e+01
-1.762175361944806e+00
-1.013776336359142e+01
-1.123461043433380e+01
-1.013776336359135e+01
-7.489740289555877e+00
-4.841717215520365e+00
-3.744870144777923e+00
-4.841717215520362e+00
-1.321730521716689e+01
-6.653282912024299e-01
-9.040916292848962e+00
-1.013776336359135e+01
-9.040916292848998e+00
-6.392893218813425e+00
-3.744870144777931e+00
-2.648023074035528e+00
-3.744870144777933e+00
-1.212045814642447e+01
1.982694782833106e+00
-6.392893218813425e+00
-7.489740289555877e+00
-6.392893218813425e+00
-3.744870144777935e+00
-1.096847070742408e+00
7.105427357601002e-15
-1.096847070742407e+00
-9.472435072388970e+00
4.630717856868631e+00
-3.744870144777929e+00
-4.841717215520363e+00
-3.744870144777931e+00
-1.096847070742408e+00
1.551176003293115e+00
2.648023074035521e+00
1.551176003293113e+00
-6.824411998353441e+00
5.727564927611038e+00
-2.648023074035525e+00
-3.744870144777924e+00
-2.648023074035528e+00
6.661338147750939e-15
2.648023074035523e+00
3.744870144777936e+00
2.648023074035526e+00
-5.727564927611034e+00
4.630717856868623e+00
-3.744870144777919e+00
-4.841717215520362e+00
-3.744870144777932e+00
-1.096847070742409e+00
1.551176003293112e+00
2.648023074035523e+00
1.551176003293114e+00
-6.824411998353442e+00
-3.744870144777917e+00
-1.212045814642450e+01
-1.321730521716689e+01
-1.212045814642446e+01
-9.472435072388965e+00
-6.824411998353442e+00
-5.727564927611033e+00
-6.824411998353439e+00
-1.520000000000000e+01
8.807106781186533e+00
4.315187795400028e-01
-6.653282912024387e-01
4.315187795400011e-01
3.079541853575503e+00
5.727564927611033e+00
6.824411998353444e+00
5.727564927611034e+00
-2.648023074035529e+00
4.315187795400082e-01
-7.944069222106579e+00
-9.040916292848975e+00
-7.944069222106579e+00
-5.296046148071050e+00
-2.648023074035530e+00
-1.551176003293113e+00
-2.648023074035526e+00
-1.102361107568207e+01
-6.653282912024299e-01
-9.040916292848964e+00
-1.013776336359135e+01
-9.040916292848999e+00
-6.392893218813427e+00
-3.744870144777930e+00
-2.648023074035527e+00
-3.744870144777934e+00
-1.212045814642447e+01
4.315187795400028e-01
-7.944069222106583e+00
-9.040916292848992e+00
-7.944069222106547e+00
-5.296046148071064e+00
-2.648023074035522e+00
-1.551176003293118e+00
-2.648023074035525e+00
-1.102361107568209e+01
3.079541853575502e+00
-5.296046148071047e+00
-6.392893218813430e+00
-5.296046148071057e+00
-2.648023074035521e+00
8.881784197001252e-16
1.096847070742420e+00
0.000000000000000e+00
-8.375588001646559e+00
5.727564927611035e+00
-2.648023074035533e+00
-3.744870144777929e+00
-2.648023074035522e+00
-8.881784197001252e-16
2.648023074035526e+00
3.744870144777929e+00
2.648023074035523e+00
-5.727564927611033e+00
6.824411998353444e+00
-1.551176003293113e+00
-2.648023074035524e+00
-1.551176003293118e+00
1.096847070742418e+00
3.744870144777929e+00
4.841717215520362e+00
3.744870144777929e+00
-4.630717856868630e+00
5.727564927611034e+00
-2.648023074035526e+00
-3.744870144777931e+00
-2.648023074035529e+00
0.000000000000000e+00
2.648023074035521e+00
3.744870144777929e+00
2.648023074035526e+00
-5.727564927611036e+00
-2.648023074035525e+00
-1.102361107568207e+01
-1.212045814642446e+01
-1.102361107568209e+01
-8.375588001646557e+00
-5.727564927611032e+00
-4.630717856868628e+00
-5.727564927611034e+00
-1.410315292925760e+01
1.145512985522207e+01
3.079541853575503e+00
1.982694782833106e+00
3.079541853575502e+00
5.727564927611035e+00
8.375588001646561e+00
9.472435072388970e+00
8.375588001646554e+00
-8.881784197001252e-16
3.079541853575503e+00
-5.296046148071040e+00
-6.392893218813427e+00
-5.296046148071049e+00
-2.648023074035526e+00
8.881784197001252e-16
1.096847070742408e+00
0.000000000000000e+00
-8.375588001646562e+00
1.982694782833106e+00
-6.392893218813425e+00
-7.489740289555874e+00
-6.392893218813427e+00
-3.744870144777935e+00
-1.096847070742407e+00
2.664535259100376e-15
-1.096847070742410e+00
-9.472435072388970e+00
3.079541853575502e+00
-5.296046148071047e+00
-6.392893218813430e+00
-5.296046148071056e+00
-2.648023074035521e+00
8.881784197001252e-16
1.096847070742410e+00
8.881784197001252e-16
-8.375588001646559e+00
5.727564927611037e+00
-2.648023074035526e+00
-3.744870144777934e+00
-2.648023074035521e+00
3.552713678800501e-15
2.648023074035532e+00
3.744870144777915e+00
2.648023074035528e+00
-5.727564927611033e+00
8.375588001646561e+00
8.881784197001252e-16
-1.096847070742407e+00
1.776356839400250e-15
2.648023074035533e+00
5.296046148071028e+00
6.392893218813473e+00
5.296046148071042e+00
-3.079541853575511e+00
9.472435072388970e+00
1.096847070742408e+00
3.552713678800501e-15
1.096847070742408e+00
3.744870144777911e+00
6.392893218813473e+00
7.489740289555844e+00
6.392893218813473e+00
-1.982694782833107e+00
8.375588001646557e+00
0.000000000000000e+00
-1.096847070742410e+00
1.776356839400250e-15
2.648023074035526e+00
5.296046148071031e+00
6.392893218813473e+00
5.296046148071042e+00
-3.079541853575504e+00
2.664535259100376e-15
-8.375588001646562e+00
-9.472435072388963e+00
-8.375588001646557e+00
-5.727564927611031e+00
-3.079541853575508e+00
-1.982694782833104e+00
-3.079541853575503e+00
-1.145512985522207e+01
1.410315292925760e+01
5.727564927611033e+00
4.630717856868629e+00
5.727564927611034e+00
8.375588001646564e+00
1.102361107568209e+01
1.212045814642447e+01
1.102361107568209e+01
2.648023074035521e+00
5.727564927611034e+00
-2.648023074035529e+00
-3.744870144777930e+00
-2.648023074035530e+00
0.000000000000000e+00
2.648023074035528e+00
3.744870144777934e+00
2.648023074035523e+00
-5.727564927611036e+00
4.630717856868631e+00
-3.744870144777928e+00
-4.841717215520363e+00
-3.744870144777930e+00
-1.096847070742407e+00
1.551176003293112e+00
2.648023074035528e+00
1.551176003293114e+00
-6.824411998353443e+00
5.727564927611034e+00
-2.648023074035533e+00
-3.744870144777930e+00
-2.648023074035522e+00
8.881784197001252e-16
2.648023074035526e+00
3.744870144777927e+00
2.648023074035530e+00
-5.727564927611034e+00
8.375588001646564e+00
1.332267629550188e-15
-1.096847070742407e+00
1.776356839400250e-15
2.648023074035533e+00
5.296046148071030e+00
6.392893218813473e+00
5.296046148071051e+00
-3.079541853575511e+00
1.102361107568209e+01
2.648023074035528e+00
1.551176003293111e+00
2.648023074035528e+00
5.296046148071030e+00
7.944069222106585e+00
9.040916292848976e+00
7.944069222106542e+00
-4.315187795399815e-01
1.212045814642447e+01
3.744870144777932e+00
2.648023074035528e+00
3.744870144777924e+00
6.392893218813470e+00
9.040916292848980e+00
1.013776336359134e+01
9.040916292848994e+00
6.653282912023997e-01
1.102361107568209e+01
2.648023074035521e+00
1.551176003293114e+00
2.648023074035528e+00
5.296046148071047e+00
7.944069222106538e+00
9.040916292848994e+00
7.944069222106538e+00
-4.315187795399780e-01
2.648023074035525e+00
-5.727564927611034e+00
-6.824411998353443e+00
-5.727564927611033e+00
-3.079541853575509e+00
-4.315187795399851e-01
6.653282912023926e-01
-4.315187795399780e-01
-8.807106781186542e+00
1.520000000000000e+01
6.824411998353441e+00
5.727564927611034e+00
6.824411998353444e+00
9.472435072388970e+00
1.212045814642447e+01
1.321730521716691e+01
1.212045814642447e+01
3.744870144777933e+00
6.824411998353445e+00
-1.551176003293119e+00
-2.648023074035525e+00
-1.551176003293113e+00
1.096847070742410e+00
3.744870144777934e+00
4.841717215520321e+00
3.744870144777939e+00
-4.630717856868625e+00
5.727564927611036e+00
-2.648023074035525e+00
-3.744870144777925e+00
-2.648023074035528e+00
2.220446049250313e-15
2.648023074035529e+00
3.744870144777932e+00
2.648023074035526e+00
-5.727564927611034e+00
6.824411998353444e+00
-1.551176003293112e+00
-2.648023074035525e+00
-1.551176003293116e+00
1.096847070742409e+00
3.744870144777927e+00
4.841717215520362e+00
3.744870144777928e+00
-4.630717856868630e+00
9.472435072388970e+00
1.096847070742409e+00
2.220446049250313e-15
1.096847070742409e+00
3.744870144777912e+00
6.392893218813471e+00
7.489740289555852e+00
6.392893218813429e+00
-1.982694782833100e+00
1.212045814642447e+01
3.744870144777932e+00
2.648023074035529e+00
3.744870144777924e+00
6.392893218813468e+00
9.040916292848973e+00
1.013776336359134e+01
9.040916292848994e+00
6.653282912023979e-01
1.321730521716691e+01
4.841717215520323e+00
3.744870144777930e+00
4.841717215520362e+00
7.489740289555849e+00
1.013776336359136e+01
1.123461043433381e+01
1.013776336359135e+01
1.762175361944845e+00
1.212045814642447e+01
3.744870144777939e+00
2.648023074035526e+00
3.744870144777933e+00
6.392893218813429e+00
9.040916292848998e+00
1.013776336359135e+01
9.040916292848998e+00
6.653282912023908e-01
3.744870144777935e+00
-4.630717856868623e+00
-5.727564927611033e+00
-4.630717856868628e+00
-1.982694782833098e+00
6.653282912023926e-01
1.762175361944843e+00
6.653282912023926e-01
-7.710259710444133e+00
1.410315292925759e+01
5.727564927611032e+00
4.630717856868619e+00
5.727564927611033e+00
8.375588001646557e+00
1.102361107568209e+01
1.212045814642447e+01
1.102361107568209e+01
2.648023074035518e+00
5.727564927611033e+00
-2.648023074035533e+00
-3.744870144777915e+00
-2.648023074035526e+00
0.000000000000000e+00
2.648023074035521e+00
3.744870144777936e+00
2.648023074035515e+00
-5.727564927611039e+00
4.630717856868623e+00
-3.744870144777918e+00
-4.841717215520362e+00
-3.744870144777932e+00
-1.096847070742410e+00
1.551176003293114e+00
2.648023074035523e+00
1.551176003293114e+00
-6.824411998353442e+00
5.727564927611035e+00
-2.648023074035525e+00
-3.744870144777932e+00
-2.648023074035530e+00
8.881784197001252e-16
2.648023074035526e+00
3.744870144777924e+00
2.648023074035526e+00
-5.727564927611037e+00
8.375588001646559e+00
-8.881784197001252e-16
-1.096847070742408e+00
8.881784197001252e-16
2.648023074035526e+00
5.296046148071025e+00
6.392893218813473e+00
5.296046148071047e+00
-3.079541853575503e+00
1.102361107568209e+01
2.648023074035520e+00
1.551176003293114e+00
2.648023074035529e+00
5.296046148071034e+00
7.944069222106579e+00
9.040916292848989e+00
7.944069222106537e+00
-4.315187795399780e-01
1.212045814642447e+01
3.744870144777938e+00
2.648023074035526e+00
3.744870144777926e+00
6.392893218813471e+00
9.040916292848985e+00
1.013776336359135e+01
9.040916292848999e+00
6.653282912023908e-01
1.102361107568209e+01
2.648023074035515e+00
1.551176003293114e+00
2.648023074035523e+00
5.296046148071046e+00
7.944069222106540e+00
9.040916292848999e+00
7.944069222106547e+00
-4.315187795399744e-01
2.648023074035520e+00
-5.727564927611037e+00
-6.824411998353440e+00
-5.727564927611035e+00
-3.079541853575502e+00
-4.315187795399815e-01
6.653282912023943e-01
-4.315187795399806e-01
-8.807106781186540e+00
5.727564927611034e+00
-2.648023074035531e+00
-3.744870144777922e+00
-2.648023074035526e+00
3.113564628276927e-16
2.648023074035523e+00
3.744870144777934e+00
2.648023074035520e+00
-5.727564927611037e+00
-2.648023074035529e+00
-1.102361107568205e+01
-1.212045814642451e+01
-1.102361107568207e+01
-8.375588001646564e+00
-5.727564927611033e+00
-4.630717856868626e+00
-5.727564927611036e+00
-1.410315292925759e+01
-3.744870144777916e+00
-1.212045814642451e+01
-1.321730521716689e+01
-1.212045814642446e+01
-9.472435072388965e+00
-6.824411998353443e+00
-5.727564927611033e+00
-6.824411998353439e+00
-1.520000000000000e+01
-2.648023074035524e+00
-1.102361107568207e+01
-1.212045814642446e+01
-1.102361107568209e+01
-8.375588001646557e+00
-5.727564927611033e+00
-4.630717856868628e+00
-5.727564927611034e+00
-1.410315292925759e+01
2.975891721928068e-15
-8.375588001646559e+00
-9.472435072388965e+00
-8.375588001646557e+00
-5.727564927611031e+00
-3.079541853575509e+00
-1.982694782833105e+00
-3.079541853575503e+00
-1.145512985522207e+01
2.648023074035525e+00
-5.727564927611034e+00
-6.824411998353443e+00
-5.727564927611033e+00
-3.079541853575509e+00
-4.315187795399922e-01
6.653282912023943e-01
-4.315187795399780e-01
-8.807106781186542e+00
3.744870144777934e+00
-4.630717856868623e+00
-5.727564927611033e+00
-4.630717856868628e+00
-1.982694782833107e+00
6.653282912023926e-01
1.762175361944841e+00
6.653282912023926e-01
-7.710259710444133e+00
2.648023074035520e+00
-5.727564927611037e+00
-6.824411998353439e+00
-5.727564927611035e+00
-3.079541853575502e+00
-4.315187795399815e-01
6.653282912023943e-01
-4.315187795399797e-01
-8.807106781186540e+00
-5.727564927611033e+00
-1.410315292925759e+01
-1.520000000000000e+01
-1.410315292925759e+01
-1.145512985522206e+01
-8.807106781186537e+00
-7.710259710444131e+00
-8.807106781186542e+00
-1.718269478283310e+01
