1.718269478283311e+00
1.517106781186548e+00
1.671025971044415e+00
1.517106781186547e+00
1.145512985522207e+00
7.739191898578666e-01
6.200000000000003e-01
7.739191898578668e-01
5.727564927611036e-01
1.517106781186548e+00
1.315944084089782e+00
1.469863273947651e+00
1.315944084089786e+00
9.443502884254438e-01
5.727564927611034e-01
4.188373029032371e-01
5.727564927611036e-01
3.715937956643405e-01
1.671025971044415e+00
1.469863273947650e+00
1.623782463805518e+00
1.469863273947650e+00
1.098269478283310e+00
7.266756826189701e-01
5.727564927611035e-01
7.266756826189694e-01
5.255129855222082e-01
1.517106781186547e+00
1.315944084089786e+00
1.469863273947650e+00
1.315944084089786e+00
9.443502884254441e-01
5.727564927611031e-01
4.188373029032370e-01
5.727564927611033e-01
3.715937956643405e-01
1.145512985522207e+00
9.443502884254436e-01
1.098269478283310e+00
9.443502884254441e-01
5.727564927611033e-01
2.011626970967626e-01
4.724350723889703e-02
2.011626970967629e-01
-1.110223024625157e-16
7.739191898578669e-01
5.727564927611034e-01
7.266756826189701e-01
5.727564927611031e-01
2.011626970967626e-01
-1.704310985675774e-01
-3.243502884254454e-01
-1.704310985675772e-01
-3.715937956643405e-01
6.200000000000004e-01
4.188373029032371e-01
5.727564927611035e-01
4.188373029032370e-01
4.724350723889714e-02
-3.243502884254454e-01
-4.782694782833083e-01
-3.243502884254457e-01
-5.255129855222068e-01
7.739191898578668e-01
5.727564927611035e-01
7.266756826189694e-01
5.727564927611033e-01
2.011626970967630e-01
-1.704310985675771e-01
-3.243502884254457e-01
-1.704310985675768e-01
-3.715937956643408e-01
5.727564927611040e-01
3.715937956643406e-01
5.255129855222076e-01
3.715937956643406e-01
1.110223024625157e-16
-3.715937956643403e-01
-5.255129855222067e-01
-3.715937956643405e-01
-5.727564927611032e-01
1.517106781186548e+00
1.315944084089782e+00
1.469863273947651e+00
1.315944084089786e+00
9.443502884254438e-01
5.727564927611035e-01
4.188373029032370e-01
5.727564927611037e-01
3.715937956643405e-01
1.315944084089783e+00
1.114781386993023e+00
1.268700576850890e+00
1.114781386993020e+00
7.431875913286818e-01
3.715937956643405e-01
2.176746058064739e-01
3.715937956643400e-01
1.704310985675797e-01
1.469863273947651e+00
1.268700576850889e+00
1.422619766708752e+00
1.268700576850888e+00
8.971067811865496e-01
5.255129855222074e-01
3.715937956643405e-01
5.255129855222086e-01
3.243502884254426e-01
1.315944084089786e+00
1.114781386993020e+00
1.268700576850888e+00
1.114781386993020e+00
7.431875913286814e-01
3.715937956643404e-01
2.176746058064741e-01
3.715937956643404e-01
1.704310985675783e-01
9.443502884254438e-01
7.431875913286816e-01
8.971067811865496e-01
7.431875913286810e-01
3.715937956643407e-01
-1.387778780781446e-16
-1.539191898578663e-01
-5.551115123125783e-17
-2.011626970967632e-01
5.727564927611037e-01
3.715937956643404e-01
5.255129855222070e-01
3.715937956643404e-01
-1.387778780781446e-16
-3.715937956643405e-01
-5.255129855222069e-01
-3.715937956643408e-01
-5.727564927611035e-01
4.188373029032372e-01
2.176746058064739e-01
3.715937956643405e-01
2.176746058064741e-01
-1.539191898578663e-01
-5.255129855222069e-01
-6.794321753800734e-01
-5.255129855222066e-01
-7.266756826189699e-01
5.727564927611039e-01
3.715937956643400e-01
5.255129855222085e-01
3.715937956643403e-01
-5.551115123125783e-17
-3.715937956643408e-01
-5.255129855222066e-01
-3.715937956643405e-01
-5.727564927611036e-01
3.715937956643410e-01
1.704310985675808e-01
3.243502884254428e-01
1.704310985675783e-01
-2.011626970967627e-01
-5.727564927611033e-01
-7.266756826189698e-01
-5.727564927611033e-01
-7.739191898578661e-01
1.671025971044415e+00
1.469863273947650e+00
1.623782463805518e+00
1.469863273947650e+00
1.098269478283310e+00
7.266756826189701e-01
5.727564927611035e-01
7.266756826189694e-01
5.255129855222082e-01
1.469863273947651e+00
1.268700576850889e+00
1.422619766708752e+00
1.268700576850888e+00
8.971067811865496e-01
5.255129855222074e-01
3.715937956643405e-01
5.255129855222086e-01
3.243502884254426e-01
1.623782463805519e+00
1.422619766708752e+00
1.576538956566620e+00
1.422619766708756e+00
1.051025971044412e+00
6.794321753800709e-01
5.255129855222078e-01
6.794321753800712e-01
4.782694782833103e-01
1.469863273947650e+00
1.268700576850888e+00
1.422619766708756e+00
1.268700576850886e+00
8.971067811865490e-01
5.255129855222072e-01
3.715937956643407e-01
5.255129855222069e-01
3.243502884254456e-01
1.098269478283310e+00
8.971067811865496e-01
1.051025971044412e+00
8.971067811865489e-01
5.255129855222065e-01
1.539191898578663e-01
4.163336342344337e-16
1.539191898578664e-01
-4.724350723889692e-02
7.266756826189701e-01
5.255129855222075e-01
6.794321753800709e-01
5.255129855222072e-01
1.539191898578663e-01
-2.176746058064741e-01
-3.715937956643409e-01
-2.176746058064742e-01
-4.188373029032370e-01
5.727564927611037e-01
3.715937956643408e-01
5.255129855222078e-01
3.715937956643406e-01
4.718447854656915e-16
-3.715937956643409e-01
-5.255129855222069e-01
-3.715937956643406e-01
-5.727564927611034e-01
7.266756826189696e-01
5.255129855222086e-01
6.794321753800712e-01
5.255129855222069e-01
1.539191898578665e-01
-2.176746058064743e-01
-3.715937956643406e-01
-2.176746058064742e-01
-4.188373029032368e-01
5.255129855222077e-01
3.243502884254428e-01
4.782694782833099e-01
3.243502884254463e-01
-4.724350723889670e-02
-4.188373029032368e-01
-5.727564927611033e-01
-4.188373029032366e-01
-6.200000000000001e-01
1.517106781186547e+00
1.315944084089786e+00
1.469863273947650e+00
1.315944084089786e+00
9.443502884254441e-01
5.727564927611031e-01
4.188373029032370e-01
5.727564927611034e-01
3.715937956643405e-01
1.315944084089786e+00
1.114781386993020e+00
1.268700576850888e+00
1.114781386993020e+00
7.431875913286814e-01
3.715937956643404e-01
2.176746058064742e-01
3.715937956643403e-01
1.704310985675783e-01
1.469863273947650e+00
1.268700576850888e+00
1.422619766708756e+00
1.268700576850886e+00
8.971067811865490e-01
5.255129855222072e-01
3.715937956643408e-01
5.255129855222069e-01
3.243502884254456e-01
1.315944084089786e+00
1.114781386993020e+00
1.268700576850886e+00
1.114781386993024e+00
7.431875913286800e-01
3.715937956643405e-01
2.176746058064742e-01
3.715937956643407e-01
1.704310985675772e-01
9.443502884254441e-01
7.431875913286810e-01
8.971067811865489e-01
7.431875913286800e-01
3.715937956643403e-01
-1.110223024625157e-16
-1.539191898578656e-01
-1.110223024625157e-16
-2.011626970967630e-01
5.727564927611035e-01
3.715937956643404e-01
5.255129855222072e-01
3.715937956643405e-01
-1.110223024625157e-16
-3.715937956643405e-01
-5.255129855222080e-01
-3.715937956643409e-01
-5.727564927611035e-01
4.188373029032372e-01
2.176746058064741e-01
3.715937956643408e-01
2.176746058064742e-01
-1.539191898578657e-01
-5.255129855222076e-01
-6.794321753800712e-01
-5.255129855222076e-01
-7.266756826189701e-01
5.727564927611036e-01
3.715937956643403e-01
5.255129855222069e-01
3.715937956643407e-01
-1.110223024625157e-16
-3.715937956643410e-01
-5.255129855222076e-01
-3.715937956643409e-01
-5.727564927611035e-01
3.715937956643409e-01
1.704310985675783e-01
3.243502884254462e-01
1.704310985675773e-01
-2.011626970967631e-01
-5.727564927611033e-01
-7.266756826189700e-01
-5.727564927611033e-01
-7.739191898578661e-01
1.145512985522207e+00
9.443502884254436e-01
1.098269478283310e+00
9.443502884254441e-01
5.727564927611033e-01
2.011626970967626e-01
4.724350723889703e-02
2.011626970967630e-01
-1.110223024625157e-16
9.443502884254438e-01
7.431875913286816e-01
8.971067811865496e-01
7.431875913286810e-01
3.715937956643407e-01
-1.110223024625157e-16
-1.539191898578663e-01
-1.110223024625157e-16
-2.011626970967631e-01
1.098269478283310e+00
8.971067811865496e-01
1.051025971044412e+00
8.971067811865489e-01
5.255129855222065e-01
1.539191898578663e-01
1.110223024625157e-16
1.539191898578665e-01
-4.724350723889686e-02
9.443502884254441e-01
7.431875913286810e-01
8.971067811865489e-01
7.431875913286800e-01
3.715937956643403e-01
1.110223024625157e-16
-1.539191898578665e-01
1.110223024625157e-16
-2.011626970967630e-01
5.727564927611035e-01
3.715937956643407e-01
5.255129855222065e-01
3.715937956643403e-01
0.000000000000000e+00
-3.715937956643405e-01
-5.255129855222078e-01
-3.715937956643405e-01
-5.727564927611033e-01
2.011626970967626e-01
0.000000000000000e+00
1.539191898578663e-01
-2.220446049250313e-16
-3.715937956643405e-01
-7.431875913286827e-01
-8.971067811865461e-01
-7.431875913286816e-01
-9.443502884254440e-01
4.724350723889703e-02
-1.539191898578663e-01
2.220446049250313e-16
-1.539191898578666e-01
-5.255129855222079e-01
-8.971067811865461e-01
-1.051025971044414e+00
-8.971067811865461e-01
-1.098269478283310e+00
2.011626970967630e-01
-1.110223024625157e-16
1.539191898578665e-01
0.000000000000000e+00
-3.715937956643405e-01
-7.431875913286822e-01
-8.971067811865461e-01
-7.431875913286818e-01
-9.443502884254441e-01
3.330669073875470e-16
-2.011626970967628e-01
-4.724350723889664e-02
-2.011626970967629e-01
-5.727564927611031e-01
-9.443502884254438e-01
-1.098269478283310e+00
-9.443502884254440e-01
-1.145512985522207e+00
7.739191898578669e-01
5.727564927611035e-01
7.266756826189701e-01
5.727564927611032e-01
2.011626970967627e-01
-1.704310985675774e-01
-3.243502884254457e-01
-1.704310985675774e-01
-3.715937956643405e-01
5.727564927611037e-01
3.715937956643404e-01
5.255129855222070e-01
3.715937956643404e-01
-8.326672684688674e-17
-3.715937956643408e-01
-5.255129855222067e-01
-3.715937956643405e-01
-5.727564927611035e-01
7.266756826189701e-01
5.255129855222075e-01
6.794321753800709e-01
5.255129855222072e-01
1.539191898578664e-01
-2.176746058064741e-01
-3.715937956643405e-01
-2.176746058064742e-01
-4.188373029032370e-01
5.727564927611034e-01
3.715937956643404e-01
5.255129855222072e-01
3.715937956643405e-01
2.775557561562891e-17
-3.715937956643405e-01
-5.255129855222076e-01
-3.715937956643405e-01
-5.727564927611035e-01
2.011626970967627e-01
-5.551115123125783e-17
1.539191898578664e-01
-1.942890293094024e-16
-3.715937956643400e-01
-7.431875913286827e-01
-8.971067811865461e-01
-7.431875913286810e-01
-9.443502884254440e-01
-1.704310985675774e-01
-3.715937956643407e-01
-2.176746058064741e-01
-3.715937956643405e-01
-7.431875913286832e-01
-1.114781386993020e+00
-1.268700576850887e+00
-1.114781386993023e+00
-1.315944084089784e+00
-3.243502884254457e-01
-5.255129855222066e-01
-3.715937956643404e-01
-5.255129855222076e-01
-8.971067811865461e-01
-1.268700576850887e+00
-1.422619766708756e+00
-1.268700576850886e+00
-1.469863273947653e+00
-1.704310985675774e-01
-3.715937956643403e-01
-2.176746058064743e-01
-3.715937956643406e-01
-7.431875913286815e-01
-1.114781386993023e+00
-1.268700576850886e+00
-1.114781386993024e+00
-1.315944084089784e+00
-3.715937956643404e-01
-5.727564927611034e-01
-4.188373029032368e-01
-5.727564927611033e-01
-9.443502884254438e-01
-1.315944084089784e+00
-1.469863273947653e+00
-1.315944084089784e+00
-1.517106781186548e+00
6.200000000000006e-01
4.188373029032370e-01
5.727564927611035e-01
4.188373029032370e-01
4.724350723889714e-02
-3.243502884254456e-01
-4.782694782833083e-01
-3.243502884254457e-01
-5.255129855222068e-01
4.188373029032372e-01
2.176746058064739e-01
3.715937956643405e-01
2.176746058064741e-01
-1.539191898578663e-01
-5.255129855222066e-01
-6.794321753800743e-01
-5.255129855222066e-01
-7.266756826189699e-01
5.727564927611037e-01
3.715937956643408e-01
5.255129855222078e-01
3.715937956643408e-01
1.942890293094024e-16
-3.715937956643404e-01
-5.255129855222069e-01
-3.715937956643406e-01
-5.727564927611034e-01
4.188373029032371e-01
2.176746058064741e-01
3.715937956643408e-01
2.176746058064743e-01
-1.539191898578665e-01
-5.255129855222076e-01
-6.794321753800712e-01
-5.255129855222069e-01
-7.266756826189701e-01
4.724350723889714e-02
-1.539191898578664e-01
2.775557561562891e-16
-1.539191898578665e-01
-5.255129855222079e-01
-8.971067811865461e-01
-1.051025971044414e+00
-8.971067811865496e-01
-1.098269478283310e+00
-3.243502884254457e-01
-5.255129855222066e-01
-3.715937956643404e-01
-5.255129855222076e-01
-8.971067811865461e-01
-1.268700576850888e+00
-1.422619766708756e+00
-1.268700576850886e+00
-1.469863273947653e+00
-4.782694782833081e-01
-6.794321753800743e-01
-5.255129855222069e-01
-6.794321753800712e-01
-1.051025971044414e+00
-1.422619766708756e+00
-1.576538956566617e+00
-1.422619766708756e+00
-1.623782463805515e+00
-3.243502884254457e-01
-5.255129855222066e-01
-3.715937956643406e-01
-5.255129855222069e-01
-8.971067811865496e-01
-1.268700576850886e+00
-1.422619766708756e+00
-1.268700576850885e+00
-1.469863273947652e+00
-5.255129855222063e-01
-7.266756826189696e-01
-5.727564927611032e-01
-7.266756826189700e-01
-1.098269478283310e+00
-1.469863273947653e+00
-1.623782463805515e+00
-1.469863273947652e+00
-1.671025971044413e+00
7.739191898578668e-01
5.727564927611036e-01
7.266756826189694e-01
5.727564927611034e-01
2.011626970967630e-01
-1.704310985675772e-01
-3.243502884254457e-01
-1.704310985675768e-01
-3.715937956643408e-01
5.727564927611039e-01
3.715937956643400e-01
5.255129855222085e-01
3.715937956643403e-01
0.000000000000000e+00
-3.715937956643405e-01
-5.255129855222070e-01
-3.715937956643405e-01
-5.727564927611036e-01
7.266756826189696e-01
5.255129855222086e-01
6.794321753800712e-01
5.255129855222069e-01
1.539191898578665e-01
-2.176746058064743e-01
-3.715937956643406e-01
-2.176746058064742e-01
-4.188373029032368e-01
5.727564927611035e-01
3.715937956643404e-01
5.255129855222069e-01
3.715937956643407e-01
1.110223024625157e-16
-3.715937956643406e-01
-5.255129855222076e-01
-3.715937956643409e-01
-5.727564927611035e-01
2.011626970967632e-01
-1.110223024625157e-16
1.539191898578666e-01
0.000000000000000e+00
-3.715937956643405e-01
-7.431875913286828e-01
-8.971067811865461e-01
-7.431875913286810e-01
-9.443502884254441e-01
-1.704310985675773e-01
-3.715937956643403e-01
-2.176746058064743e-01
-3.715937956643406e-01
-7.431875913286828e-01
-1.114781386993020e+00
-1.268700576850887e+00
-1.114781386993024e+00
-1.315944084089784e+00
-3.243502884254457e-01
-5.255129855222066e-01
-3.715937956643406e-01
-5.255129855222076e-01
-8.971067811865461e-01
-1.268700576850887e+00
-1.422619766708756e+00
-1.268700576850885e+00
-1.469863273947652e+00
-1.704310985675768e-01
-3.715937956643405e-01
-2.176746058064742e-01
-3.715937956643409e-01
-7.431875913286814e-01
-1.114781386993024e+00
-1.268700576850885e+00
-1.114781386993024e+00
-1.315944084089784e+00
-3.715937956643401e-01
-5.727564927611034e-01
-4.188373029032366e-01
-5.727564927611033e-01
-9.443502884254440e-01
-1.315944084089784e+00
-1.469863273947652e+00
-1.315944084089784e+00
-1.517106781186548e+00
5.727564927611040e-01
3.715937956643406e-01
5.255129855222076e-01
3.715937956643406e-01
7.554456726777548e-17
-3.715937956643403e-01
-5.255129855222067e-01
-3.715937956643406e-01
-5.727564927611032e-01
3.715937956643410e-01
1.704310985675808e-01
3.243502884254428e-01
1.704310985675783e-01
-2.011626970967627e-01
-5.727564927611034e-01
-7.266756826189698e-01
-5.727564927611033e-01
-7.739191898578662e-01
5.255129855222077e-01
3.243502884254428e-01
4.782694782833099e-01
3.243502884254463e-01
-4.724350723889670e-02
-4.188373029032368e-01
-5.727564927611033e-01
-4.188373029032366e-01
-6.200000000000001e-01
3.715937956643409e-01
1.704310985675783e-01
3.243502884254463e-01
1.704310985675773e-01
-2.011626970967632e-01
-5.727564927611033e-01
-7.266756826189700e-01
-5.727564927611033e-01
-7.739191898578660e-01
2.975891721928068e-16
-2.011626970967628e-01
-4.724350723889659e-02
-2.011626970967629e-01
-5.727564927611031e-01
-9.443502884254438e-01
-1.098269478283310e+00
-9.443502884254440e-01
-1.145512985522207e+00
-3.715937956643404e-01
-5.727564927611033e-01
-4.188373029032368e-01
-5.727564927611033e-01
-9.443502884254438e-01
-1.315944084089785e+00
-1.469863273947653e+00
-1.315944084089784e+00
-1.517106781186548e+00
-5.255129855222063e-01
-7.266756826189698e-01
-5.727564927611032e-01
-7.266756826189700e-01
-1.098269478283310e+00
-1.469863273947653e+00
-1.623782463805515e+00
-1.469863273947652e+00
-1.671025971044413e+00
-3.715937956643401e-01
-5.727564927611035e-01
-4.188373029032366e-01
-5.727564927611033e-01
-9.443502884254440e-01
-1.315944084089784e+00
-1.469863273947652e+00
-1.315944084089784e+00
-1.517106781186548e+00
-5.727564927611027e-01
-7.739191898578658e-01
-6.200000000000001e-01
-7.739191898578660e-01
-1.145512985522207e+00
-1.517106781186547e+00
-1.671025971044413e+00
-1.517106781186548e+00
-1.718269478283310e+00
