6.711227420712756e-01
8.770285576783439e-01
9.804809942670365e-01
7.804546638355317e-01
3.390244296410019e-01
-1.024058045535279e-01
-3.024321349850336e-01
-1.989796983963403e-01
6.926117210728513e-03
1.000957128194923e+00
1.206862943801992e+00
1.310315380390685e+00
1.110289049959180e+00
6.688588157646497e-01
2.274285815701201e-01
2.740225113861437e-02
1.308546877273076e-01
3.367605033343763e-01
1.135902801291032e+00
1.341808616898100e+00
1.445261053486794e+00
1.245234723055289e+00
8.038044888607582e-01
3.623742546662287e-01
1.623479242347229e-01
2.658003608234162e-01
4.717061764304848e-01
9.419756206398487e-01
1.147881436246918e+00
1.251333872835611e+00
1.051307542404106e+00
6.098773082095754e-01
1.684470740150458e-01
-3.157925641645994e-02
7.187318017223349e-02
2.777789957793023e-01
5.016105272507744e-01
7.075163428578429e-01
8.109687794465362e-01
6.109424490150307e-01
1.695122148205007e-01
-2.719180193740288e-01
-4.719443498055348e-01
-3.684919132168411e-01
-1.625860976097724e-01
6.124543386169978e-02
2.671512494687683e-01
3.706036860574615e-01
1.705773556259559e-01
-2.708528785685740e-01
-7.122831127631039e-01
-9.123094431946095e-01
-8.088570066059156e-01
-6.029511909988474e-01
-1.326817467894830e-01
7.322406881758553e-02
1.766765054062788e-01
-2.334982502522692e-02
-4.647800592197566e-01
-9.062102934142869e-01
-1.106236623845792e+00
-1.002784187257099e+00
-7.968783716500298e-01
2.263926306625645e-03
2.081697419136942e-01
3.116221785023875e-01
1.115958480708818e-01
-3.298343861236480e-01
-7.712646203181774e-01
-9.712909507496827e-01
-8.678385141609899e-01
-6.619326985539211e-01
3.320983124302736e-01
5.380041280373420e-01
6.414565646260350e-01
4.414302341945299e-01
1.170938346284345e-16
-4.414302341945295e-01
-6.414565646260354e-01
-5.380041280373419e-01
-3.320983124302732e-01
1.000957128194923e+00
1.206862943801992e+00
1.310315380390685e+00
1.110289049959180e+00
6.688588157646498e-01
2.274285815701201e-01
2.740225113861437e-02
1.308546877273077e-01
3.367605033343763e-01
1.330791514318572e+00
1.536697329925640e+00
1.640149766514334e+00
1.440123436082830e+00
9.986932018882978e-01
5.572629676937679e-01
3.572366372622624e-01
4.606890738509554e-01
6.665948894580240e-01
1.465737187414681e+00
1.671643003021749e+00
1.775095439610443e+00
1.575069109178936e+00
1.133638874984406e+00
6.922086407898759e-01
4.921823103583709e-01
5.956347469470639e-01
8.015405625541323e-01
1.271810006763497e+00
1.477715822370566e+00
1.581168258959260e+00
1.381141928527754e+00
9.397116943332234e-01
4.982814601386936e-01
2.982551297071879e-01
4.017075662958811e-01
6.076133819029496e-01
8.314449133744219e-01
1.037350728981491e+00
1.140803165570184e+00
9.407768351386785e-01
4.993466009441483e-01
5.791636674961895e-02
-1.421099636818867e-01
-3.865752709319329e-02
1.672482885138753e-01
3.910798199853475e-01
5.969856355924164e-01
7.004380721811098e-01
5.004117417496037e-01
5.898150755507399e-02
-3.824487266394555e-01
-5.824750570709613e-01
-4.790226204822679e-01
-2.731168048751992e-01
1.971526393341648e-01
4.030584549412333e-01
5.065108915299268e-01
3.064845610984211e-01
-1.349456730961088e-01
-5.763759072906383e-01
-7.764022377221445e-01
-6.729498011334508e-01
-4.670439855263819e-01
3.320983124302733e-01
5.380041280373420e-01
6.414565646260352e-01
4.414302341945299e-01
5.854691731421724e-17
-4.414302341945294e-01
-6.414565646260355e-01
-5.380041280373418e-01
-3.320983124302730e-01
6.619326985539215e-01
8.678385141609899e-01
9.712909507496840e-01
7.712646203181781e-01
3.298343861236481e-01
-1.115958480708816e-01
-3.116221785023872e-01
-2.081697419136940e-01
-2.263926306625319e-03
1.135902801291032e+00
1.341808616898100e+00
1.445261053486794e+00
1.245234723055290e+00
8.038044888607583e-01
3.623742546662288e-01
1.623479242347230e-01
2.658003608234162e-01
4.717061764304848e-01
1.465737187414681e+00
1.671643003021749e+00
1.775095439610443e+00
1.575069109178937e+00
1.133638874984406e+00
6.922086407898763e-01
4.921823103583709e-01
5.956347469470639e-01
8.015405625541324e-01
1.600682860510789e+00
1.806588676117858e+00
1.910041112706551e+00
1.710014782275045e+00
1.268584548080515e+00
8.271543138859849e-01
6.271279834544793e-01
7.305804200431731e-01
9.364862356502411e-01
1.406755679859605e+00
1.612661495466675e+00
1.716113932055368e+00
1.516087601623862e+00
1.074657367429332e+00
6.332271332348024e-01
4.332008028032965e-01
5.366532393919905e-01
7.425590549990588e-01
9.663905864705308e-01
1.172296402077599e+00
1.275748838666293e+00
1.075722508234787e+00
6.342922740402570e-01
1.928620398457276e-01
-7.164290585777939e-03
9.628814600291546e-02
3.021939616099840e-01
5.260254930814563e-01
7.319313086885251e-01
8.353837452772185e-01
6.353574148457123e-01
1.939271806511827e-01
-2.475030535433468e-01
-4.475293839748522e-01
-3.440769473861590e-01
-1.381711317790904e-01
3.320983124302733e-01
5.380041280373424e-01
6.414565646260352e-01
4.414302341945295e-01
8.239936510889834e-18
-4.414302341945294e-01
-6.414565646260355e-01
-5.380041280373418e-01
-3.320983124302731e-01
4.670439855263823e-01
6.729498011334504e-01
7.764022377221442e-01
5.763759072906388e-01
1.349456730961089e-01
-3.064845610984208e-01
-5.065108915299263e-01
-4.030584549412330e-01
-1.971526393341646e-01
7.968783716500297e-01
1.002784187257099e+00
1.106236623845793e+00
9.062102934142865e-01
4.647800592197563e-01
2.334982502522700e-02
-1.766765054062787e-01
-7.322406881758525e-02
1.326817467894833e-01
9.419756206398490e-01
1.147881436246918e+00
1.251333872835611e+00
1.051307542404106e+00
6.098773082095754e-01
1.684470740150458e-01
-3.157925641645991e-02
7.187318017223349e-02
2.777789957793024e-01
1.271810006763497e+00
1.477715822370566e+00
1.581168258959260e+00
1.381141928527754e+00
9.397116943332234e-01
4.982814601386938e-01
2.982551297071879e-01
4.017075662958811e-01
6.076133819029497e-01
1.406755679859605e+00
1.612661495466675e+00
1.716113932055368e+00
1.516087601623862e+00
1.074657367429332e+00
6.332271332348024e-01
4.332008028032965e-01
5.366532393919905e-01
7.425590549990588e-01
1.212828499208424e+00
1.418734314815491e+00
1.522186751404185e+00
1.322160420972678e+00
8.807301867781488e-01
4.392999525836194e-01
2.392736221521138e-01
3.427260587408075e-01
5.486318743478762e-01
7.724634058193481e-01
9.783692214264168e-01
1.081821658015109e+00
8.817953275836038e-01
4.403650933890744e-01
-1.065140805455161e-03
-2.010914712369606e-01
-9.763903464826719e-02
1.082667809588015e-01
3.320983124302733e-01
5.380041280373421e-01
6.414565646260353e-01
4.414302341945295e-01
-5.117434254131581e-17
-4.414302341945295e-01
-6.414565646260354e-01
-5.380041280373418e-01
-3.320983124302729e-01
1.381711317790908e-01
3.440769473861593e-01
4.475293839748526e-01
2.475030535433466e-01
-1.939271806511828e-01
-6.353574148457122e-01
-8.353837452772183e-01
-7.319313086885247e-01
-5.260254930814560e-01
2.731168048751993e-01
4.790226204822681e-01
5.824750570709615e-01
3.824487266394557e-01
-5.898150755507418e-02
-5.004117417496039e-01
-7.004380721811092e-01
-5.969856355924158e-01
-3.910798199853476e-01
6.029511909988471e-01
8.088570066059159e-01
9.123094431946095e-01
7.122831127631040e-01
2.708528785685738e-01
-1.705773556259559e-01
-3.706036860574615e-01
-2.671512494687680e-01
-6.124543386169952e-02
5.016105272507743e-01
7.075163428578429e-01
8.109687794465363e-01
6.109424490150308e-01
1.695122148205007e-01
-2.719180193740288e-01
-4.719443498055347e-01
-3.684919132168411e-01
-1.625860976097724e-01
8.314449133744222e-01
1.037350728981491e+00
1.140803165570184e+00
9.407768351386786e-01
4.993466009441486e-01
5.791636674961900e-02
-1.421099636818867e-01
-3.865752709319330e-02
1.672482885138753e-01
9.663905864705309e-01
1.172296402077599e+00
1.275748838666293e+00
1.075722508234787e+00
6.342922740402570e-01
1.928620398457276e-01
-7.164290585777939e-03
9.628814600291544e-02
3.021939616099840e-01
7.724634058193481e-01
9.783692214264169e-01
1.081821658015109e+00
8.817953275836040e-01
4.403650933890744e-01
-1.065140805455176e-03
-2.010914712369606e-01
-9.763903464826719e-02
1.082667809588015e-01
3.320983124302734e-01
5.380041280373421e-01
6.414565646260352e-01
4.414302341945295e-01
-1.413799632921098e-16
-4.414302341945294e-01
-6.414565646260348e-01
-5.380041280373415e-01
-3.320983124302728e-01
-1.082667809588014e-01
9.763903464826738e-02
2.010914712369607e-01
1.065140805455043e-03
-4.403650933890746e-01
-8.817953275836038e-01
-1.081821658015109e+00
-9.783692214264161e-01
-7.724634058193476e-01
-3.021939616099839e-01
-9.628814600291542e-02
7.164290585777907e-03
-1.928620398457278e-01
-6.342922740402570e-01
-1.075722508234787e+00
-1.275748838666293e+00
-1.172296402077599e+00
-9.663905864705303e-01
-1.672482885138752e-01
3.865752709319329e-02
1.421099636818867e-01
-5.791636674961911e-02
-4.993466009441491e-01
-9.407768351386787e-01
-1.140803165570184e+00
-1.037350728981491e+00
-8.314449133744219e-01
1.625860976097726e-01
3.684919132168410e-01
4.719443498055346e-01
2.719180193740288e-01
-1.695122148205010e-01
-6.109424490150308e-01
-8.109687794465363e-01
-7.075163428578427e-01
-5.016105272507740e-01
6.124543386169978e-02
2.671512494687683e-01
3.706036860574615e-01
1.705773556259559e-01
-2.708528785685740e-01
-7.122831127631039e-01
-9.123094431946096e-01
-8.088570066059156e-01
-6.029511909988473e-01
3.910798199853476e-01
5.969856355924164e-01
7.004380721811098e-01
5.004117417496038e-01
5.898150755507406e-02
-3.824487266394555e-01
-5.824750570709613e-01
-4.790226204822678e-01
-2.731168048751992e-01
5.260254930814564e-01
7.319313086885252e-01
8.353837452772185e-01
6.353574148457123e-01
1.939271806511827e-01
-2.475030535433468e-01
-4.475293839748522e-01
-3.440769473861590e-01
-1.381711317790904e-01
3.320983124302735e-01
5.380041280373421e-01
6.414565646260354e-01
4.414302341945295e-01
-8.413408858487514e-17
-4.414302341945296e-01
-6.414565646260353e-01
-5.380041280373418e-01
-3.320983124302729e-01
-1.082667809588013e-01
9.763903464826740e-02
2.010914712369607e-01
1.065140805455036e-03
-4.403650933890746e-01
-8.817953275836039e-01
-1.081821658015109e+00
-9.783692214264164e-01
-7.724634058193476e-01
-5.486318743478762e-01
-3.427260587408072e-01
-2.392736221521138e-01
-4.392999525836196e-01
-8.807301867781492e-01
-1.322160420972679e+00
-1.522186751404185e+00
-1.418734314815491e+00
-1.212828499208422e+00
-7.425590549990588e-01
-5.366532393919899e-01
-4.332008028032968e-01
-6.332271332348021e-01
-1.074657367429332e+00
-1.516087601623863e+00
-1.716113932055368e+00
-1.612661495466674e+00
-1.406755679859605e+00
-6.076133819029497e-01
-4.017075662958814e-01
-2.982551297071880e-01
-4.982814601386938e-01
-9.397116943332234e-01
-1.381141928527754e+00
-1.581168258959259e+00
-1.477715822370566e+00
-1.271810006763497e+00
-2.777789957793020e-01
-7.187318017223346e-02
3.157925641645987e-02
-1.684470740150458e-01
-6.098773082095758e-01
-1.051307542404107e+00
-1.251333872835611e+00
-1.147881436246917e+00
-9.419756206398485e-01
-1.326817467894830e-01
7.322406881758553e-02
1.766765054062788e-01
-2.334982502522690e-02
-4.647800592197566e-01
-9.062102934142868e-01
-1.106236623845792e+00
-1.002784187257099e+00
-7.968783716500298e-01
1.971526393341649e-01
4.030584549412333e-01
5.065108915299268e-01
3.064845610984211e-01
-1.349456730961087e-01
-5.763759072906383e-01
-7.764022377221445e-01
-6.729498011334509e-01
-4.670439855263818e-01
3.320983124302734e-01
5.380041280373424e-01
6.414565646260354e-01
4.414302341945295e-01
5.421010862427522e-18
-4.414302341945295e-01
-6.414565646260356e-01
-5.380041280373418e-01
-3.320983124302729e-01
1.381711317790908e-01
3.440769473861593e-01
4.475293839748527e-01
2.475030535433468e-01
-1.939271806511828e-01
-6.353574148457125e-01
-8.353837452772183e-01
-7.319313086885249e-01
-5.260254930814560e-01
-3.021939616099839e-01
-9.628814600291541e-02
7.164290585777926e-03
-1.928620398457277e-01
-6.342922740402570e-01
-1.075722508234787e+00
-1.275748838666293e+00
-1.172296402077599e+00
-9.663905864705303e-01
-7.425590549990588e-01
-5.366532393919899e-01
-4.332008028032967e-01
-6.332271332348020e-01
-1.074657367429332e+00
-1.516087601623863e+00
-1.716113932055368e+00
-1.612661495466674e+00
-1.406755679859605e+00
-9.364862356502410e-01
-7.305804200431727e-01
-6.271279834544790e-01
-8.271543138859853e-01
-1.268584548080514e+00
-1.710014782275046e+00
-1.910041112706550e+00
-1.806588676117857e+00
-1.600682860510788e+00
-8.015405625541321e-01
-5.956347469470638e-01
-4.921823103583706e-01
-6.922086407898762e-01
-1.133638874984407e+00
-1.575069109178937e+00
-1.775095439610441e+00
-1.671643003021749e+00
-1.465737187414681e+00
-4.717061764304845e-01
-2.658003608234161e-01
-1.623479242347229e-01
-3.623742546662286e-01
-8.038044888607583e-01
-1.245234723055288e+00
-1.445261053486794e+00
-1.341808616898101e+00
-1.135902801291032e+00
2.263926306625688e-03
2.081697419136942e-01
3.116221785023875e-01
1.115958480708819e-01
-3.298343861236480e-01
-7.712646203181774e-01
-9.712909507496827e-01
-8.678385141609899e-01
-6.619326985539211e-01
3.320983124302734e-01
5.380041280373420e-01
6.414565646260354e-01
4.414302341945299e-01
5.941427905220564e-17
-4.414302341945295e-01
-6.414565646260355e-01
-5.380041280373418e-01
-3.320983124302730e-01
4.670439855263823e-01
6.729498011334505e-01
7.764022377221443e-01
5.763759072906389e-01
1.349456730961089e-01
-3.064845610984209e-01
-5.065108915299263e-01
-4.030584549412330e-01
-1.971526393341644e-01
2.731168048751993e-01
4.790226204822681e-01
5.824750570709616e-01
3.824487266394558e-01
-5.898150755507418e-02
-5.004117417496039e-01
-7.004380721811092e-01
-5.969856355924160e-01
-3.910798199853475e-01
-1.672482885138752e-01
3.865752709319330e-02
1.421099636818867e-01
-5.791636674961911e-02
-4.993466009441490e-01
-9.407768351386787e-01
-1.140803165570184e+00
-1.037350728981491e+00
-8.314449133744222e-01
-6.076133819029497e-01
-4.017075662958814e-01
-2.982551297071880e-01
-4.982814601386937e-01
-9.397116943332235e-01
-1.381141928527754e+00
-1.581168258959259e+00
-1.477715822370566e+00
-1.271810006763497e+00
-8.015405625541321e-01
-5.956347469470638e-01
-4.921823103583708e-01
-6.922086407898763e-01
-1.133638874984407e+00
-1.575069109178937e+00
-1.775095439610441e+00
-1.671643003021749e+00
-1.465737187414681e+00
-6.665948894580233e-01
-4.606890738509550e-01
-3.572366372622620e-01
-5.572629676937677e-01
-9.986932018882975e-01
-1.440123436082827e+00
-1.640149766514333e+00
-1.536697329925640e+00
-1.330791514318572e+00
-3.367605033343759e-01
-1.308546877273074e-01
-2.740225113861413e-02
-2.274285815701199e-01
-6.688588157646498e-01
-1.110289049959179e+00
-1.310315380390685e+00
-1.206862943801992e+00
-1.000957128194923e+00
3.320983124302736e-01
5.380041280373420e-01
6.414565646260352e-01
4.414302341945300e-01
1.431146867680866e-16
-4.414302341945295e-01
-6.414565646260354e-01
-5.380041280373419e-01
-3.320983124302732e-01
6.619326985539215e-01
8.678385141609899e-01
9.712909507496840e-01
7.712646203181783e-01
3.298343861236481e-01
-1.115958480708816e-01
-3.116221785023872e-01
-2.081697419136940e-01
-2.263926306625298e-03
7.968783716500298e-01
1.002784187257099e+00
1.106236623845793e+00
9.062102934142863e-01
4.647800592197562e-01
2.334982502522694e-02
-1.766765054062787e-01
-7.322406881758527e-02
1.326817467894833e-01
6.029511909988471e-01
8.088570066059159e-01
9.123094431946095e-01
7.122831127631039e-01
2.708528785685738e-01
-1.705773556259559e-01
-3.706036860574615e-01
-2.671512494687681e-01
-6.124543386169954e-02
1.625860976097726e-01
3.684919132168409e-01
4.719443498055346e-01
2.719180193740287e-01
-1.695122148205010e-01
-6.109424490150308e-01
-8.109687794465363e-01
-7.075163428578429e-01
-5.016105272507740e-01
-2.777789957793020e-01
-7.187318017223347e-02
3.157925641645987e-02
-1.684470740150459e-01
-6.098773082095758e-01
-1.051307542404107e+00
-1.251333872835611e+00
-1.147881436246917e+00
-9.419756206398485e-01
-4.717061764304846e-01
-2.658003608234161e-01
-1.623479242347229e-01
-3.623742546662286e-01
-8.038044888607583e-01
-1.245234723055288e+00
-1.445261053486794e+00
-1.341808616898101e+00
-1.135902801291032e+00
-3.367605033343760e-01
-1.308546877273074e-01
-2.740225113861416e-02
-2.274285815701199e-01
-6.688588157646498e-01
-1.110289049959179e+00
-1.310315380390685e+00
-1.206862943801992e+00
-1.000957128194923e+00
-6.926117210728108e-03
1.989796983963404e-01
3.024321349850336e-01
1.024058045535281e-01
-3.390244296410017e-01
-7.804546638355314e-01
-9.804809942670372e-01
-8.770285576783440e-01
-6.711227420712753e-01
