6.677381371435059e-01
8.771773517848523e-01
9.825605626762719e-01
7.818229470085446e-01
3.380893010480728e-01
-1.056443449123992e-01
-3.063819605801282e-01
-2.009987496887068e-01
8.440464952639967e-03
9.996211029444474e-01
1.209060317585794e+00
1.314443528477212e+00
1.113705912809485e+00
6.699722668490140e-01
2.262386208885424e-01
2.550100522081308e-02
1.308842161122348e-01
3.403234307535823e-01
1.136044849945216e+00
1.345484064586559e+00
1.450867275477979e+00
1.250129659810252e+00
8.063960138497800e-01
3.626623678893077e-01
1.619247522215787e-01
2.673079631130004e-01
4.767471777543475e-01
9.413534226253810e-01
1.150792637266724e+00
1.256175848158152e+00
1.055438232490424e+00
6.117045865299497e-01
1.679709405694773e-01
-3.276667509825178e-02
7.261653579317005e-02
2.820557504345165e-01
4.986934866194685e-01
7.081327012608146e-01
8.135159121522368e-01
6.127782964845065e-01
1.690446505240360e-01
-2.746889954364363e-01
-4.754266111041646e-01
-3.700434002127432e-01
-1.606041855713966e-01
5.603355061355536e-02
2.654727652549019e-01
3.708559761463239e-01
1.701183604785944e-01
-2.736152854818778e-01
-7.173489314423500e-01
-9.180865471100774e-01
-8.127033362186568e-01
-6.032641215773094e-01
-1.386578767062751e-01
7.078133793507142e-02
1.761645488264932e-01
-2.457306684123616e-02
-4.683067128017093e-01
-9.120403587621788e-01
-1.112777974429908e+00
-1.007394763538488e+00
-7.979555488971408e-01
-2.234129705508335e-03
2.072050849358379e-01
3.125882958272596e-01
1.118506801595302e-01
-3.318829658009420e-01
-7.756166117614148e-01
-9.763542274291438e-01
-8.709710165377206e-01
-6.615318018963734e-01
3.296488360954342e-01
5.390880507367802e-01
6.444712616282019e-01
4.437336459604722e-01
3.031971375355713e-16
-4.437336459604714e-01
-6.444712616281997e-01
-5.390880507367792e-01
-3.296488360954322e-01
9.996211029444474e-01
1.209060317585794e+00
1.314443528477212e+00
1.113705912809485e+00
6.699722668490140e-01
2.262386208885424e-01
2.550100522081309e-02
1.308842161122348e-01
3.403234307535824e-01
1.331504068745395e+00
1.540943283386734e+00
1.646326494278153e+00
1.445588878610427e+00
1.001855232649958e+00
5.581215866894838e-01
3.573839710217549e-01
4.627671819131768e-01
6.722063965545246e-01
1.467927815746156e+00
1.677367030387501e+00
1.782750241278922e+00
1.582012625611197e+00
1.138278979650724e+00
6.945453336902492e-01
4.938077180225210e-01
5.991909289139438e-01
8.086301435552893e-01
1.273236388426323e+00
1.482675603067670e+00
1.588058813959093e+00
1.387321198291366e+00
9.435875523308935e-01
4.998539063704203e-01
2.991162907026900e-01
4.044995015941119e-01
6.139387162354564e-01
8.305764524204113e-01
1.040015667061759e+00
1.145398877953177e+00
9.446612622854510e-01
5.009276163249796e-01
5.719397036450621e-02
-1.435436453032228e-01
-3.816043441180142e-02
1.712787802295446e-01
3.879165164144974e-01
5.973557310558438e-01
7.027389419472648e-01
5.020013262795375e-01
5.826768031906496e-02
-3.854659656414071e-01
-5.862035813091364e-01
-4.808203704177147e-01
-2.713811557763685e-01
1.932250890946672e-01
4.026643037360129e-01
5.080475146274352e-01
3.073098989597066e-01
-1.364237470007662e-01
-5.801573929612392e-01
-7.808950086289669e-01
-6.755117977375461e-01
-4.660725830961989e-01
3.296488360954337e-01
5.390880507367798e-01
6.444712616282028e-01
4.437336459604722e-01
9.096456227153382e-17
-4.437336459604720e-01
-6.444712616282010e-01
-5.390880507367787e-01
-3.296488360954323e-01
6.615318018963765e-01
8.709710165377229e-01
9.763542274291435e-01
7.756166117614137e-01
3.318829658009423e-01
-1.118506801595297e-01
-3.125882958272581e-01
-2.072050849358372e-01
2.234129705509630e-03
1.136044849945216e+00
1.345484064586559e+00
1.450867275477979e+00
1.250129659810252e+00
8.063960138497800e-01
3.626623678893077e-01
1.619247522215788e-01
2.673079631130004e-01
4.767471777543476e-01
1.467927815746156e+00
1.677367030387500e+00
1.782750241278922e+00
1.582012625611197e+00
1.138278979650724e+00
6.945453336902492e-01
4.938077180225212e-01
5.991909289139438e-01
8.086301435552893e-01
1.604351562746921e+00
1.813790777388266e+00
1.919173988279689e+00
1.718436372611966e+00
1.274702726651490e+00
8.309690806910167e-01
6.302314650232870e-01
7.356146759147081e-01
9.450538905560535e-01
1.409660135427093e+00
1.619099350068439e+00
1.724482560959859e+00
1.523744945292131e+00
1.080011299331662e+00
6.362776533711866e-01
4.355400377034566e-01
5.409232485948762e-01
7.503624632362234e-01
9.670001994211772e-01
1.176439414062522e+00
1.281822624953946e+00
1.081085009286219e+00
6.373513633257449e-01
1.936177173652718e-01
-7.119898302457048e-03
9.826331258896434e-02
3.077025272303108e-01
5.243402634152625e-01
7.337794780566087e-01
8.391626889480324e-01
6.384250732803030e-01
1.946914273198310e-01
-2.490422186406414e-01
-4.497798343083692e-01
-3.443966234169482e-01
-1.349574087756020e-01
3.296488360954326e-01
5.390880507367788e-01
6.444712616282023e-01
4.437336459604724e-01
1.382628820462140e-16
-4.437336459604714e-01
-6.444712616281997e-01
-5.390880507367791e-01
-3.296488360954324e-01
4.660725830961991e-01
6.755117977375472e-01
7.808950086289671e-01
5.801573929612394e-01
1.364237470007662e-01
-3.073098989597053e-01
-5.080475146274338e-01
-4.026643037360134e-01
-1.932250890946664e-01
7.979555488971412e-01
1.007394763538487e+00
1.112777974429908e+00
9.120403587621799e-01
4.683067128017080e-01
2.457306684123606e-02
-1.761645488264931e-01
-7.078133793507131e-02
1.386578767062755e-01
9.413534226253810e-01
1.150792637266724e+00
1.256175848158152e+00
1.055438232490424e+00
6.117045865299497e-01
1.679709405694773e-01
-3.276667509825176e-02
7.261653579317009e-02
2.820557504345166e-01
1.273236388426323e+00
1.482675603067670e+00
1.588058813959092e+00
1.387321198291366e+00
9.435875523308934e-01
4.998539063704202e-01
2.991162907026900e-01
4.044995015941120e-01
6.139387162354564e-01
1.409660135427093e+00
1.619099350068439e+00
1.724482560959859e+00
1.523744945292131e+00
1.080011299331662e+00
6.362776533711867e-01
4.355400377034566e-01
5.409232485948762e-01
7.503624632362234e-01
1.214968708107264e+00
1.424407922748609e+00
1.529791133640025e+00
1.329053517972300e+00
8.853198720118280e-01
4.415862260513544e-01
2.408486103836253e-01
3.462318212750475e-01
5.556710359163921e-01
7.723087721013457e-01
9.817479867426920e-01
1.087131197634115e+00
8.863935819663868e-01
4.426599360059138e-01
-1.073709954558785e-03
-2.018113256222878e-01
-9.642811473086627e-02
1.130110999104803e-01
3.296488360954325e-01
5.390880507367783e-01
6.444712616282012e-01
4.437336459604723e-01
2.406928822917820e-17
-4.437336459604718e-01
-6.444712616282007e-01
-5.390880507367795e-01
-3.296488360954329e-01
1.349574087756019e-01
3.443966234169483e-01
4.497798343083702e-01
2.490422186406414e-01
-1.946914273198305e-01
-6.384250732803008e-01
-8.391626889480317e-01
-7.337794780566094e-01
-5.243402634152623e-01
2.713811557763687e-01
4.808203704177147e-01
5.862035813091377e-01
3.854659656414079e-01
-5.826768031906438e-02
-5.020013262795358e-01
-7.027389419472653e-01
-5.973557310558441e-01
-3.879165164144966e-01
6.032641215773087e-01
8.127033362186562e-01
9.180865471100778e-01
7.173489314423506e-01
2.736152854818775e-01
-1.701183604785947e-01
-3.708559761463235e-01
-2.654727652549019e-01
-5.603355061355528e-02
4.986934866194685e-01
7.081327012608146e-01
8.135159121522368e-01
6.127782964845065e-01
1.690446505240361e-01
-2.746889954364363e-01
-4.754266111041645e-01
-3.700434002127432e-01
-1.606041855713966e-01
8.305764524204113e-01
1.040015667061759e+00
1.145398877953177e+00
9.446612622854510e-01
5.009276163249797e-01
5.719397036450627e-02
-1.435436453032227e-01
-3.816043441180141e-02
1.712787802295446e-01
9.670001994211773e-01
1.176439414062522e+00
1.281822624953946e+00
1.081085009286219e+00
6.373513633257450e-01
1.936177173652719e-01
-7.119898302457024e-03
9.826331258896434e-02
3.077025272303108e-01
7.723087721013457e-01
9.817479867426920e-01
1.087131197634115e+00
8.863935819663870e-01
4.426599360059138e-01
-1.073709954558753e-03
-2.018113256222877e-01
-9.642811473086627e-02
1.130110999104803e-01
3.296488360954326e-01
5.390880507367782e-01
6.444712616282016e-01
4.437336459604725e-01
-1.629013764159470e-16
-4.437336459604728e-01
-6.444712616282016e-01
-5.390880507367802e-01
-3.296488360954339e-01
-1.130110999104806e-01
9.642811473086549e-02
2.018113256222880e-01
1.073709954558582e-03
-4.426599360059137e-01
-8.863935819663867e-01
-1.087131197634116e+00
-9.817479867426926e-01
-7.723087721013469e-01
-3.077025272303109e-01
-9.826331258896467e-02
7.119898302457008e-03
-1.936177173652722e-01
-6.373513633257437e-01
-1.081085009286216e+00
-1.281822624953945e+00
-1.176439414062522e+00
-9.670001994211767e-01
-1.712787802295450e-01
3.816043441180126e-02
1.435436453032228e-01
-5.719397036450603e-02
-5.009276163249778e-01
-9.446612622854491e-01
-1.145398877953179e+00
-1.040015667061755e+00
-8.305764524204103e-01
1.606041855713963e-01
3.700434002127430e-01
4.754266111041643e-01
2.746889954364356e-01
-1.690446505240361e-01
-6.127782964845088e-01
-8.135159121522368e-01
-7.081327012608145e-01
-4.986934866194685e-01
5.603355061355540e-02
2.654727652549019e-01
3.708559761463239e-01
1.701183604785944e-01
-2.736152854818778e-01
-7.173489314423500e-01
-9.180865471100774e-01
-8.127033362186565e-01
-6.032641215773094e-01
3.879165164144973e-01
5.973557310558438e-01
7.027389419472648e-01
5.020013262795375e-01
5.826768031906499e-02
-3.854659656414071e-01
-5.862035813091364e-01
-4.808203704177146e-01
-2.713811557763685e-01
5.243402634152625e-01
7.337794780566087e-01
8.391626889480324e-01
6.384250732803030e-01
1.946914273198310e-01
-2.490422186406414e-01
-4.497798343083692e-01
-3.443966234169482e-01
-1.349574087756020e-01
3.296488360954325e-01
5.390880507367783e-01
6.444712616282012e-01
4.437336459604723e-01
3.905838326379030e-17
-4.437336459604717e-01
-6.444712616282007e-01
-5.390880507367795e-01
-3.296488360954330e-01
-1.130110999104807e-01
9.642811473086549e-02
2.018113256222879e-01
1.073709954558578e-03
-4.426599360059137e-01
-8.863935819663865e-01
-1.087131197634116e+00
-9.817479867426926e-01
-7.723087721013471e-01
-5.556710359163928e-01
-3.462318212750474e-01
-2.408486103836256e-01
-4.415862260513546e-01
-8.853198720118292e-01
-1.329053517972302e+00
-1.529791133640028e+00
-1.424407922748607e+00
-1.214968708107260e+00
-7.503624632362230e-01
-5.409232485948774e-01
-4.355400377034556e-01
-6.362776533711857e-01
-1.080011299331659e+00
-1.523744945292131e+00
-1.724482560959858e+00
-1.619099350068434e+00
-1.409660135427093e+00
-6.139387162354586e-01
-4.044995015941118e-01
-2.991162907026906e-01
-4.998539063704197e-01
-9.435875523308910e-01
-1.387321198291365e+00
-1.588058813959090e+00
-1.482675603067670e+00
-1.273236388426328e+00
-2.820557504345172e-01
-7.261653579317011e-02
3.276667509825168e-02
-1.679709405694773e-01
-6.117045865299496e-01
-1.055438232490423e+00
-1.256175848158149e+00
-1.150792637266727e+00
-9.413534226253807e-01
-1.386578767062750e-01
7.078133793507149e-02
1.761645488264932e-01
-2.457306684123617e-02
-4.683067128017093e-01
-9.120403587621788e-01
-1.112777974429908e+00
-1.007394763538488e+00
-7.979555488971408e-01
1.932250890946672e-01
4.026643037360129e-01
5.080475146274352e-01
3.073098989597067e-01
-1.364237470007662e-01
-5.801573929612392e-01
-7.808950086289669e-01
-6.755117977375461e-01
-4.660725830961989e-01
3.296488360954326e-01
5.390880507367789e-01
6.444712616282022e-01
4.437336459604724e-01
1.492675340969418e-16
-4.437336459604714e-01
-6.444712616281997e-01
-5.390880507367791e-01
-3.296488360954324e-01
1.349574087756019e-01
3.443966234169483e-01
4.497798343083702e-01
2.490422186406413e-01
-1.946914273198305e-01
-6.384250732803008e-01
-8.391626889480316e-01
-7.337794780566093e-01
-5.243402634152625e-01
-3.077025272303109e-01
-9.826331258896467e-02
7.119898302456994e-03
-1.936177173652722e-01
-6.373513633257438e-01
-1.081085009286216e+00
-1.281822624953945e+00
-1.176439414062522e+00
-9.670001994211767e-01
-7.503624632362230e-01
-5.409232485948774e-01
-4.355400377034557e-01
-6.362776533711857e-01
-1.080011299331659e+00
-1.523744945292131e+00
-1.724482560959858e+00
-1.619099350068434e+00
-1.409660135427093e+00
-9.450538905560539e-01
-7.356146759147074e-01
-6.302314650232855e-01
-8.309690806910154e-01
-1.274702726651489e+00
-1.718436372611961e+00
-1.919173988279685e+00
-1.813790777388266e+00
-1.604351562746924e+00
-8.086301435552894e-01
-5.991909289139425e-01
-4.938077180225201e-01
-6.945453336902504e-01
-1.138278979650722e+00
-1.582012625611193e+00
-1.782750241278918e+00
-1.677367030387500e+00
-1.467927815746156e+00
-4.767471777543472e-01
-2.673079631130003e-01
-1.619247522215790e-01
-3.626623678893080e-01
-8.063960138497797e-01
-1.250129659810250e+00
-1.450867275477979e+00
-1.345484064586555e+00
-1.136044849945213e+00
-2.234129705508315e-03
2.072050849358380e-01
3.125882958272596e-01
1.118506801595303e-01
-3.318829658009421e-01
-7.756166117614148e-01
-9.763542274291438e-01
-8.709710165377206e-01
-6.615318018963736e-01
3.296488360954337e-01
5.390880507367798e-01
6.444712616282028e-01
4.437336459604722e-01
1.071191746415678e-16
-4.437336459604720e-01
-6.444712616282010e-01
-5.390880507367787e-01
-3.296488360954324e-01
4.660725830961991e-01
6.755117977375473e-01
7.808950086289667e-01
5.801573929612391e-01
1.364237470007662e-01
-3.073098989597053e-01
-5.080475146274340e-01
-4.026643037360134e-01
-1.932250890946664e-01
2.713811557763688e-01
4.808203704177146e-01
5.862035813091377e-01
3.854659656414079e-01
-5.826768031906438e-02
-5.020013262795358e-01
-7.027389419472654e-01
-5.973557310558441e-01
-3.879165164144966e-01
-1.712787802295450e-01
3.816043441180127e-02
1.435436453032228e-01
-5.719397036450601e-02
-5.009276163249778e-01
-9.446612622854491e-01
-1.145398877953179e+00
-1.040015667061755e+00
-8.305764524204103e-01
-6.139387162354586e-01
-4.044995015941117e-01
-2.991162907026906e-01
-4.998539063704198e-01
-9.435875523308908e-01
-1.387321198291365e+00
-1.588058813959090e+00
-1.482675603067670e+00
-1.273236388426328e+00
-8.086301435552894e-01
-5.991909289139425e-01
-4.938077180225201e-01
-6.945453336902504e-01
-1.138278979650722e+00
-1.582012625611193e+00
-1.782750241278918e+00
-1.677367030387500e+00
-1.467927815746156e+00
-6.722063965545239e-01
-4.627671819131765e-01
-3.573839710217551e-01
-5.581215866894850e-01
-1.001855232649958e+00
-1.445588878610427e+00
-1.646326494278156e+00
-1.540943283386730e+00
-1.331504068745386e+00
-3.403234307535806e-01
-1.308842161122344e-01
-2.550100522081267e-02
-2.262386208885421e-01
-6.699722668490138e-01
-1.113705912809487e+00
-1.314443528477213e+00
-1.209060317585791e+00
-9.996211029444456e-01
3.296488360954342e-01
5.390880507367802e-01
6.444712616282019e-01
4.437336459604724e-01
3.506851926904364e-16
-4.437336459604713e-01
-6.444712616281997e-01
-5.390880507367792e-01
-3.296488360954323e-01
6.615318018963764e-01
8.709710165377227e-01
9.763542274291437e-01
7.756166117614138e-01
3.318829658009423e-01
-1.118506801595297e-01
-3.125882958272581e-01
-2.072050849358372e-01
2.234129705509501e-03
7.979555488971412e-01
1.007394763538487e+00
1.112777974429907e+00
9.120403587621799e-01
4.683067128017079e-01
2.457306684123603e-02
-1.761645488264931e-01
-7.078133793507131e-02
1.386578767062755e-01
6.032641215773088e-01
8.127033362186562e-01
9.180865471100778e-01
7.173489314423505e-01
2.736152854818775e-01
-1.701183604785947e-01
-3.708559761463235e-01
-2.654727652549019e-01
-5.603355061355532e-02
1.606041855713963e-01
3.700434002127430e-01
4.754266111041643e-01
2.746889954364355e-01
-1.690446505240361e-01
-6.127782964845088e-01
-8.135159121522370e-01
-7.081327012608145e-01
-4.986934866194685e-01
-2.820557504345173e-01
-7.261653579317011e-02
3.276667509825171e-02
-1.679709405694773e-01
-6.117045865299496e-01
-1.055438232490423e+00
-1.256175848158149e+00
-1.150792637266726e+00
-9.413534226253807e-01
-4.767471777543474e-01
-2.673079631130003e-01
-1.619247522215790e-01
-3.626623678893080e-01
-8.063960138497797e-01
-1.250129659810250e+00
-1.450867275477979e+00
-1.345484064586555e+00
-1.136044849945212e+00
-3.403234307535807e-01
-1.308842161122345e-01
-2.550100522081267e-02
-2.262386208885421e-01
-6.699722668490138e-01
-1.113705912809487e+00
-1.314443528477213e+00
-1.209060317585791e+00
-9.996211029444456e-01
-8.440464952638496e-03
2.009987496887076e-01
3.063819605801288e-01
1.056443449124001e-01
-3.380893010480721e-01
-7.818229470085434e-01
-9.825605626762717e-01
-8.771773517848490e-01
-6.677381371435032e-01
