6.673963156258886e-01
8.771901115848212e-01
9.827660752802457e-01
7.819571377954163e-01
3.379931006719506e-01
-1.059709364515126e-01
-3.067798739363378e-01
-2.012039102409184e-01
8.589885718015659e-03
9.994857748276056e-01
1.209279570786542e+00
1.314855534481964e+00
1.114046596997132e+00
6.700825598736680e-01
2.261185227502051e-01
2.530958526537769e-02
1.308855489607974e-01
3.406793449197335e-01
1.136057338411554e+00
1.345851134370486e+00
1.451427098065903e+00
1.250618160581077e+00
8.066541234576105e-01
3.626900863341471e-01
1.618811488493193e-01
2.674571125447398e-01
4.772509085036711e-01
9.412892739237405e-01
1.151083069882677e+00
1.256659033578098e+00
1.055850096093266e+00
6.118860589698042e-01
1.679220218463376e-01
-3.288691563849024e-02
7.268904805693083e-02
2.824828440158658e-01
4.983997652899142e-01
7.081935612488470e-01
8.137695249442701e-01
6.129605874594397e-01
1.689965503359756e-01
-2.749674867874865e-01
-4.757764242723167e-01
-3.702004605768985e-01
-1.604066646179628e-01
5.551025665608746e-02
2.653040526150228e-01
3.708800163104425e-01
1.700710788256156e-01
-2.738929582978484e-01
-7.178569954213202e-01
-9.186659329061418e-01
-8.130899692107268e-01
-6.032961732517909e-01
-1.392578078317201e-01
7.053598812721332e-02
1.761119518226335e-01
-2.469698566219296e-02
-4.686610227856583e-01
-9.126250599091252e-01
-1.113433997393946e+00
-1.007858033698534e+00
-7.980642377395977e-01
-2.686244247777918e-03
2.071075517111565e-01
3.126835154065761e-01
1.118745779217501e-01
-3.320894592017158e-01
-7.760534963251807e-01
-9.768624338100091e-01
-8.712864701145940e-01
-6.614926741556616e-01
3.294032149539394e-01
5.391970109128689e-01
6.447729746082907e-01
4.439640371234657e-01
1.012475422512010e-16
-4.439640371234643e-01
-6.447729746082941e-01
-5.391970109128725e-01
-3.294032149539395e-01
9.994857748276058e-01
1.209279570786542e+00
1.314855534481964e+00
1.114046596997132e+00
6.700825598736682e-01
2.261185227502051e-01
2.530958526537770e-02
1.308855489607975e-01
3.406793449197336e-01
1.331575234029330e+00
1.541369029988264e+00
1.646944993683682e+00
1.446136056198851e+00
1.002172019075384e+00
5.582079819519216e-01
3.573990444670953e-01
4.629750081625139e-01
6.727688041214511e-01
1.468146797613265e+00
1.677940593572205e+00
1.783516557267621e+00
1.582707619782799e+00
1.138743582659323e+00
6.947795455358626e-01
4.939706080510381e-01
5.995465717464595e-01
8.093403677053984e-01
1.273378733125454e+00
1.483172529084397e+00
1.588748492779806e+00
1.387939555294995e+00
9.439755181715189e-01
5.000114810480554e-01
2.992025435632271e-01
4.047785072586483e-01
6.145723032175884e-01
8.304892244916314e-01
1.040283020450562e+00
1.145858984145996e+00
9.450500466611639e-01
5.010860095376900e-01
5.712197241422768e-02
-1.436869650705996e-01
-3.811100137518015e-02
1.716827945837563e-01
3.875997158578035e-01
5.973935118167372e-01
7.029694755121590e-01
5.021605380273373e-01
5.819650090386758e-02
-3.857675362195966e-01
-5.865764737044297e-01
-4.810005100090105e-01
-2.712067140500714e-01
1.928316513699961e-01
4.026254473289279e-01
5.082014110243479e-01
3.073924735395240e-01
-1.365715635839420e-01
-5.805356007074054e-01
-7.813445381922320e-01
-6.757685744968146e-01
-4.659747785378808e-01
3.294032149539382e-01
5.391970109128682e-01
6.447729746082916e-01
4.439640371234668e-01
4.571148825129392e-16
-4.439640371234626e-01
-6.447729746082909e-01
-5.391970109128720e-01
-3.294032149539389e-01
6.614926741556580e-01
8.712864701145893e-01
9.768624338100085e-01
7.760534963251844e-01
3.320894592017142e-01
-1.118745779217484e-01
-3.126835154065754e-01
-2.071075517111559e-01
2.686244247779378e-03
1.136057338411555e+00
1.345851134370486e+00
1.451427098065903e+00
1.250618160581077e+00
8.066541234576105e-01
3.626900863341471e-01
1.618811488493193e-01
2.674571125447398e-01
4.772509085036711e-01
1.468146797613265e+00
1.677940593572205e+00
1.783516557267621e+00
1.582707619782799e+00
1.138743582659323e+00
6.947795455358626e-01
4.939706080510381e-01
5.995465717464595e-01
8.093403677053983e-01
1.604718361197196e+00
1.814512157156147e+00
1.920088120851559e+00
1.719279183366727e+00
1.275315146243272e+00
8.313511091198080e-01
6.305421716349793e-01
7.361181353304043e-01
9.459119312893396e-01
1.409950296709397e+00
1.619744092668338e+00
1.725320056363757e+00
1.524511118878930e+00
1.080547081755463e+00
6.365830446319973e-01
4.357741071471742e-01
5.413500708425933e-01
7.511438668015313e-01
9.670607880755727e-01
1.176854584034503e+00
1.282430547729926e+00
1.081621610245108e+00
6.376575731216336e-01
1.936935359981695e-01
-7.115401486656669e-03
9.846056220876369e-02
3.082543581677017e-01
5.241712794417438e-01
7.339650754006816e-01
8.395410390961013e-01
6.387321016112747e-01
1.947680644878091e-01
-2.491959726356556e-01
-4.500049101204826e-01
-3.444289464250633e-01
-1.346351504661288e-01
3.294032149539377e-01
5.391970109128742e-01
6.447729746082902e-01
4.439640371234642e-01
2.570541707009460e-16
-4.439640371234637e-01
-6.447729746082901e-01
-5.391970109128703e-01
-3.294032149539388e-01
4.659747785378813e-01
6.757685744968176e-01
7.813445381922355e-01
5.805356007074145e-01
1.365715635839429e-01
-3.073924735395213e-01
-5.082014110243505e-01
-4.026254473289289e-01
-1.928316513699969e-01
7.980642377396011e-01
1.007858033698531e+00
1.113433997393949e+00
9.126250599091240e-01
4.686610227856571e-01
2.469698566219331e-02
-1.761119518226340e-01
-7.053598812721361e-02
1.392578078317207e-01
9.412892739237406e-01
1.151083069882677e+00
1.256659033578098e+00
1.055850096093266e+00
6.118860589698042e-01
1.679220218463377e-01
-3.288691563849026e-02
7.268904805693081e-02
2.824828440158656e-01
1.273378733125454e+00
1.483172529084397e+00
1.588748492779806e+00
1.387939555294995e+00
9.439755181715189e-01
5.000114810480554e-01
2.992025435632271e-01
4.047785072586483e-01
6.145723032175884e-01
1.409950296709397e+00
1.619744092668338e+00
1.725320056363757e+00
1.524511118878930e+00
1.080547081755463e+00
6.365830446319973e-01
4.357741071471742e-01
5.413500708425933e-01
7.511438668015313e-01
1.215182232221588e+00
1.424976028180523e+00
1.530551991875948e+00
1.329743054391128e+00
8.857790172676565e-01
4.418149801441916e-01
2.410060426593642e-01
3.465820063547850e-01
5.563758023137219e-01
7.722927235877650e-01
9.820865195466971e-01
1.087662483242122e+00
8.868535457572958e-01
4.428895086338290e-01
-1.074528489637108e-03
-2.018834659744656e-01
-9.630750227904492e-02
1.134862936798919e-01
3.294032149539379e-01
5.391970109128723e-01
6.447729746082905e-01
4.439640371234665e-01
1.087298924940666e-15
-4.439640371234635e-01
-6.447729746082915e-01
-5.391970109128693e-01
-3.294032149539369e-01
1.346351504661299e-01
3.444289464250633e-01
4.500049101204820e-01
2.491959726356565e-01
-1.947680644878087e-01
-6.387321016112735e-01
-8.395410390960981e-01
-7.339650754006796e-01
-5.241712794417481e-01
2.712067140500722e-01
4.810005100090062e-01
5.865764737044294e-01
3.857675362195982e-01
-5.819650090386626e-02
-5.021605380273306e-01
-7.029694755121554e-01
-5.973935118167364e-01
-3.875997158578073e-01
6.032961732517871e-01
8.130899692107227e-01
9.186659329061431e-01
7.178569954213175e-01
2.738929582978498e-01
-1.700710788256152e-01
-3.708800163104450e-01
-2.653040526150244e-01
-5.551025665608856e-02
4.983997652899143e-01
7.081935612488470e-01
8.137695249442700e-01
6.129605874594397e-01
1.689965503359757e-01
-2.749674867874864e-01
-4.757764242723167e-01
-3.702004605768985e-01
-1.604066646179628e-01
8.304892244916314e-01
1.040283020450562e+00
1.145858984145996e+00
9.450500466611637e-01
5.010860095376900e-01
5.712197241422767e-02
-1.436869650705996e-01
-3.811100137518014e-02
1.716827945837563e-01
9.670607880755727e-01
1.176854584034503e+00
1.282430547729926e+00
1.081621610245108e+00
6.376575731216336e-01
1.936935359981695e-01
-7.115401486656668e-03
9.846056220876369e-02
3.082543581677017e-01
7.722927235877650e-01
9.820865195466971e-01
1.087662483242122e+00
8.868535457572959e-01
4.428895086338290e-01
-1.074528489637118e-03
-2.018834659744656e-01
-9.630750227904493e-02
1.134862936798918e-01
3.294032149539379e-01
5.391970109128680e-01
6.447729746082888e-01
4.439640371234662e-01
1.695028123936682e-15
-4.439640371234627e-01
-6.447729746082972e-01
-5.391970109128708e-01
-3.294032149539344e-01
-1.134862936798884e-01
9.630750227904435e-02
2.018834659744656e-01
1.074528489638831e-03
-4.428895086338267e-01
-8.868535457572948e-01
-1.087662483242118e+00
-9.820865195467006e-01
-7.722927235877604e-01
-3.082543581676987e-01
-9.846056220876372e-02
7.115401486657112e-03
-1.936935359981695e-01
-6.376575731216353e-01
-1.081621610245106e+00
-1.282430547729924e+00
-1.176854584034511e+00
-9.670607880755746e-01
-1.716827945837566e-01
3.811100137517864e-02
1.436869650706005e-01
-5.712197241422811e-02
-5.010860095376943e-01
-9.450500466611537e-01
-1.145858984145991e+00
-1.040283020450569e+00
-8.304892244916381e-01
1.604066646179610e-01
3.702004605768944e-01
4.757764242723178e-01
2.749674867874871e-01
-1.689965503359766e-01
-6.129605874594436e-01
-8.137695249442746e-01
-7.081935612488486e-01
-4.983997652899172e-01
5.551025665608747e-02
2.653040526150228e-01
3.708800163104424e-01
1.700710788256156e-01
-2.738929582978483e-01
-7.178569954213202e-01
-9.186659329061423e-01
-8.130899692107268e-01
-6.032961732517909e-01
3.875997158578035e-01
5.973935118167373e-01
7.029694755121590e-01
5.021605380273373e-01
5.819650090386759e-02
-3.857675362195966e-01
-5.865764737044298e-01
-4.810005100090104e-01
-2.712067140500714e-01
5.241712794417438e-01
7.339650754006818e-01
8.395410390961013e-01
6.387321016112750e-01
1.947680644878091e-01
-2.491959726356557e-01
-4.500049101204827e-01
-3.444289464250633e-01
-1.346351504661288e-01
3.294032149539379e-01
5.391970109128723e-01
6.447729746082905e-01
4.439640371234665e-01
1.079973784012811e-15
-4.439640371234636e-01
-6.447729746082915e-01
-5.391970109128693e-01
-3.294032149539369e-01
-1.134862936798884e-01
9.630750227904439e-02
2.018834659744656e-01
1.074528489638819e-03
-4.428895086338268e-01
-8.868535457572948e-01
-1.087662483242118e+00
-9.820865195467008e-01
-7.722927235877606e-01
-5.563758023137134e-01
-3.465820063547840e-01
-2.410060426593618e-01
-4.418149801441891e-01
-8.857790172676538e-01
-1.329743054391127e+00
-1.530551991875943e+00
-1.424976028180526e+00
-1.215182232221576e+00
-7.511438668015280e-01
-5.413500708425938e-01
-4.357741071471702e-01
-6.365830446319943e-01
-1.080547081755460e+00
-1.524511118878936e+00
-1.725320056363759e+00
-1.619744092668333e+00
-1.409950296709398e+00
-6.145723032175845e-01
-4.047785072586477e-01
-2.992025435632274e-01
-5.000114810480577e-01
-9.439755181715179e-01
-1.387939555294991e+00
-1.588748492779820e+00
-1.483172529084406e+00
-1.273378733125472e+00
-2.824828440158649e-01
-7.268904805693108e-02
3.288691563848919e-02
-1.679220218463381e-01
-6.118860589698044e-01
-1.055850096093277e+00
-1.256659033578103e+00
-1.151083069882685e+00
-9.412892739237477e-01
-1.392578078317201e-01
7.053598812721332e-02
1.761119518226335e-01
-2.469698566219293e-02
-4.686610227856582e-01
-9.126250599091252e-01
-1.113433997393946e+00
-1.007858033698534e+00
-7.980642377395977e-01
1.928316513699961e-01
4.026254473289278e-01
5.082014110243479e-01
3.073924735395240e-01
-1.365715635839420e-01
-5.805356007074054e-01
-7.813445381922320e-01
-6.757685744968146e-01
-4.659747785378808e-01
3.294032149539378e-01
5.391970109128742e-01
6.447729746082904e-01
4.439640371234643e-01
2.968647192218982e-16
-4.439640371234637e-01
-6.447729746082902e-01
-5.391970109128703e-01
-3.294032149539388e-01
1.346351504661299e-01
3.444289464250633e-01
4.500049101204822e-01
2.491959726356566e-01
-1.947680644878087e-01
-6.387321016112734e-01
-8.395410390960982e-01
-7.339650754006796e-01
-5.241712794417482e-01
-3.082543581676987e-01
-9.846056220876372e-02
7.115401486657120e-03
-1.936935359981695e-01
-6.376575731216353e-01
-1.081621610245106e+00
-1.282430547729924e+00
-1.176854584034511e+00
-9.670607880755749e-01
-7.511438668015282e-01
-5.413500708425940e-01
-4.357741071471703e-01
-6.365830446319943e-01
-1.080547081755460e+00
-1.524511118878936e+00
-1.725320056363759e+00
-1.619744092668333e+00
-1.409950296709398e+00
-9.459119312893366e-01
-7.361181353304016e-01
-6.305421716349812e-01
-8.313511091198050e-01
-1.275315146243273e+00
-1.719279183366737e+00
-1.920088120851572e+00
-1.814512157156151e+00
-1.604718361197220e+00
-8.093403677053889e-01
-5.995465717464599e-01
-4.939706080510395e-01
-6.947795455358650e-01
-1.138743582659326e+00
-1.582707619782795e+00
-1.783516557267626e+00
-1.677940593572214e+00
-1.468146797613279e+00
-4.772509085036729e-01
-2.674571125447401e-01
-1.618811488493194e-01
-3.626900863341467e-01
-8.066541234576116e-01
-1.250618160581079e+00
-1.451427098065908e+00
-1.345851134370488e+00
-1.136057338411552e+00
-2.686244247777918e-03
2.071075517111566e-01
3.126835154065760e-01
1.118745779217501e-01
-3.320894592017158e-01
-7.760534963251806e-01
-9.768624338100089e-01
-8.712864701145940e-01
-6.614926741556616e-01
3.294032149539382e-01
5.391970109128682e-01
6.447729746082916e-01
4.439640371234668e-01
4.489715077580364e-16
-4.439640371234627e-01
-6.447729746082909e-01
-5.391970109128718e-01
-3.294032149539389e-01
4.659747785378813e-01
6.757685744968175e-01
7.813445381922355e-01
5.805356007074145e-01
1.365715635839428e-01
-3.073924735395214e-01
-5.082014110243505e-01
-4.026254473289289e-01
-1.928316513699970e-01
2.712067140500722e-01
4.810005100090062e-01
5.865764737044294e-01
3.857675362195983e-01
-5.819650090386624e-02
-5.021605380273306e-01
-7.029694755121554e-01
-5.973935118167364e-01
-3.875997158578074e-01
-1.716827945837567e-01
3.811100137517861e-02
1.436869650706006e-01
-5.712197241422814e-02
-5.010860095376943e-01
-9.450500466611537e-01
-1.145858984145991e+00
-1.040283020450569e+00
-8.304892244916382e-01
-6.145723032175848e-01
-4.047785072586478e-01
-2.992025435632275e-01
-5.000114810480577e-01
-9.439755181715179e-01
-1.387939555294991e+00
-1.588748492779820e+00
-1.483172529084406e+00
-1.273378733125472e+00
-8.093403677053892e-01
-5.995465717464599e-01
-4.939706080510395e-01
-6.947795455358650e-01
-1.138743582659326e+00
-1.582707619782795e+00
-1.783516557267626e+00
-1.677940593572214e+00
-1.468146797613279e+00
-6.727688041214477e-01
-4.629750081625167e-01
-3.573990444670962e-01
-5.582079819519211e-01
-1.002172019075382e+00
-1.446136056198852e+00
-1.646944993683684e+00
-1.541369029988272e+00
-1.331575234029334e+00
-3.406793449197313e-01
-1.308855489607970e-01
-2.530958526537691e-02
-2.261185227502044e-01
-6.700825598736665e-01
-1.114046596997133e+00
-1.314855534481967e+00
-1.209279570786548e+00
-9.994857748276117e-01
3.294032149539394e-01
5.391970109128690e-01
6.447729746082906e-01
4.439640371234657e-01
9.123561281465520e-17
-4.439640371234643e-01
-6.447729746082941e-01
-5.391970109128725e-01
-3.294032149539395e-01
6.614926741556578e-01
8.712864701145893e-01
9.768624338100088e-01
7.760534963251844e-01
3.320894592017141e-01
-1.118745779217484e-01
-3.126835154065754e-01
-2.071075517111559e-01
2.686244247779359e-03
7.980642377396011e-01
1.007858033698531e+00
1.113433997393949e+00
9.126250599091240e-01
4.686610227856570e-01
2.469698566219331e-02
-1.761119518226340e-01
-7.053598812721361e-02
1.392578078317207e-01
6.032961732517871e-01
8.130899692107227e-01
9.186659329061431e-01
7.178569954213175e-01
2.738929582978498e-01
-1.700710788256152e-01
-3.708800163104450e-01
-2.653040526150245e-01
-5.551025665608856e-02
1.604066646179610e-01
3.702004605768944e-01
4.757764242723180e-01
2.749674867874870e-01
-1.689965503359767e-01
-6.129605874594436e-01
-8.137695249442746e-01
-7.081935612488486e-01
-4.983997652899172e-01
-2.824828440158649e-01
-7.268904805693109e-02
3.288691563848919e-02
-1.679220218463381e-01
-6.118860589698044e-01
-1.055850096093277e+00
-1.256659033578103e+00
-1.151083069882685e+00
-9.412892739237475e-01
-4.772509085036729e-01
-2.674571125447401e-01
-1.618811488493194e-01
-3.626900863341467e-01
-8.066541234576116e-01
-1.250618160581079e+00
-1.451427098065908e+00
-1.345851134370488e+00
-1.136057338411552e+00
-3.406793449197314e-01
-1.308855489607969e-01
-2.530958526537692e-02
-2.261185227502044e-01
-6.700825598736665e-01
-1.114046596997133e+00
-1.314855534481967e+00
-1.209279570786548e+00
-9.994857748276116e-01
-8.589885718013527e-03
2.012039102409202e-01
3.067798739363404e-01
1.059709364515134e-01
-3.379931006719500e-01
-7.819571377954159e-01
-9.827660752802480e-01
-8.771901115848288e-01
-6.673963156258936e-01
