6.897629612264382e-01
8.851498020636922e-01
9.854040435605956e-01
7.875783217734565e-01
3.496929155696376e-01
-8.819249063418103e-02
-2.860182124213200e-01
-1.857639709244165e-01
9.622869912837537e-03
1.014441719808572e+00
1.209828560645826e+00
1.310082802142729e+00
1.112257080355590e+00
6.743716741517713e-01
2.364862679479526e-01
3.866054616081360e-02
1.389147876577171e-01
3.343016284949712e-01
1.145159036343458e+00
1.340545877180712e+00
1.440800118677615e+00
1.242974396890476e+00
8.050889906866572e-01
3.672035844828385e-01
1.693778626956995e-01
2.696321041926030e-01
4.650189450298570e-01
9.522130146192382e-01
1.147599855456492e+00
1.247854096953396e+00
1.050028375166257e+00
6.121429689624380e-01
1.742575627586193e-01
-2.356815902851977e-02
7.668608246838371e-02
2.720729233056378e-01
5.149165034416191e-01
7.103033442788731e-01
8.105575857757765e-01
6.127318639886374e-01
1.748464577848187e-01
-2.630389484189999e-01
-4.608646702061390e-01
-3.606104287092355e-01
-1.652235878719814e-01
7.761999226400003e-02
2.730068331012540e-01
3.732610745981574e-01
1.754353528110183e-01
-2.624500533928004e-01
-7.003354595966191e-01
-8.981611813837581e-01
-7.979069398868546e-01
-6.025200990496005e-01
-1.153260294602191e-01
8.006081137703490e-02
1.803150528739383e-01
-1.751066891320087e-02
-4.553960751170196e-01
-8.932814813208382e-01
-1.091107203107977e+00
-9.908529616110737e-01
-7.954661207738195e-01
1.539128707466684e-02
2.107781279119209e-01
3.110323694088242e-01
1.132066476216851e-01
-3.246787585821336e-01
-7.625641647859522e-01
-9.603898865730913e-01
-8.601356450761876e-01
-6.647488042389335e-01
3.400700456568006e-01
5.354568864940545e-01
6.357111279909580e-01
4.378854062038188e-01
7.632783294297951e-17
-4.378854062038187e-01
-6.357111279909576e-01
-5.354568864940540e-01
-3.400700456567999e-01
1.014441719808572e+00
1.209828560645826e+00
1.310082802142729e+00
1.112257080355590e+00
6.743716741517713e-01
2.364862679479526e-01
3.866054616081360e-02
1.389147876577171e-01
3.343016284949712e-01
1.339120478390706e+00
1.534507319227960e+00
1.634761560724863e+00
1.436935838937724e+00
9.990504327339046e-01
5.611650265300862e-01
3.633393047429472e-01
4.635935462398507e-01
6.589803870771049e-01
1.469837794925592e+00
1.665224635762846e+00
1.765478877259749e+00
1.567653155472609e+00
1.129767749268791e+00
6.918823430649723e-01
4.940566212778332e-01
5.943108627747367e-01
7.896977036119909e-01
1.276891773201372e+00
1.472278614038626e+00
1.572532855535529e+00
1.374707133748390e+00
9.368217275445716e-01
4.989363213407529e-01
3.011105995536139e-01
4.013648410505173e-01
5.967516818877714e-01
8.395952620237529e-01
1.034982102861007e+00
1.135236344357910e+00
9.374106225707709e-01
4.995252163669524e-01
6.163981016313375e-02
-1.361859116240053e-01
-3.593167012710183e-02
1.594551707101522e-01
4.022987508461337e-01
5.976855916833878e-01
6.979398331802910e-01
5.001141113931519e-01
6.222870518933323e-02
-3.756567010144855e-01
-5.734824228016245e-01
-4.732281813047210e-01
-2.778413404674668e-01
2.093527291219145e-01
4.047395699591685e-01
5.049938114560719e-01
3.071680896689328e-01
-1.307173165348859e-01
-5.686027227387047e-01
-7.664284445258438e-01
-6.661742030289400e-01
-4.707873621916860e-01
3.400700456568005e-01
5.354568864940545e-01
6.357111279909580e-01
4.378854062038188e-01
3.989863994746656e-17
-4.378854062038187e-01
-6.357111279909576e-01
-5.354568864940542e-01
-3.400700456568001e-01
6.647488042389342e-01
8.601356450761882e-01
9.603898865730915e-01
7.625641647859525e-01
3.246787585821337e-01
-1.132066476216849e-01
-3.110323694088238e-01
-2.107781279119204e-01
-1.539128707466638e-02
1.145159036343458e+00
1.340545877180712e+00
1.440800118677615e+00
1.242974396890476e+00
8.050889906866572e-01
3.672035844828385e-01
1.693778626956995e-01
2.696321041926030e-01
4.650189450298570e-01
1.469837794925592e+00
1.665224635762846e+00
1.765478877259749e+00
1.567653155472609e+00
1.129767749268791e+00
6.918823430649723e-01
4.940566212778332e-01
5.943108627747367e-01
7.896977036119909e-01
1.600555111460478e+00
1.795941952297731e+00
1.896196193794634e+00
1.698370472007495e+00
1.260485065803677e+00
8.225996595998581e-01
6.247739378127192e-01
7.250281793096226e-01
9.204150201468767e-01
1.407609089736258e+00
1.602995930573512e+00
1.703250172070415e+00
1.505424450283276e+00
1.067539044079457e+00
6.296536378756389e-01
4.318279160884999e-01
5.320821575854032e-01
7.274689984226572e-01
9.703125785586388e-01
1.165699419395893e+00
1.265953660892796e+00
1.068127939105657e+00
6.302425329018383e-01
1.923571266980197e-01
-5.468595089119423e-03
9.478564640778403e-02
2.901724872450380e-01
5.330160673810196e-01
7.284029082182735e-01
8.286571497151770e-01
6.308314279280377e-01
1.929460217242191e-01
-2.449393844795995e-01
-4.427651062667386e-01
-3.425108647698351e-01
-1.471240239325810e-01
3.400700456568004e-01
5.354568864940544e-01
6.357111279909581e-01
4.378854062038187e-01
-1.387778780781446e-17
-4.378854062038187e-01
-6.357111279909577e-01
-5.354568864940542e-01
-3.400700456568002e-01
4.707873621916863e-01
6.661742030289405e-01
7.664284445258438e-01
5.686027227387047e-01
1.307173165348859e-01
-3.071680896689327e-01
-5.049938114560718e-01
-4.047395699591683e-01
-2.093527291219142e-01
7.954661207738201e-01
9.908529616110739e-01
1.091107203107978e+00
8.932814813208384e-01
4.553960751170196e-01
1.751066891320099e-02
-1.803150528739380e-01
-8.006081137703458e-02
1.153260294602195e-01
9.522130146192382e-01
1.147599855456492e+00
1.247854096953396e+00
1.050028375166256e+00
6.121429689624379e-01
1.742575627586193e-01
-2.356815902851978e-02
7.668608246838371e-02
2.720729233056378e-01
1.276891773201372e+00
1.472278614038626e+00
1.572532855535529e+00
1.374707133748390e+00
9.368217275445716e-01
4.989363213407529e-01
3.011105995536138e-01
4.013648410505173e-01
5.967516818877715e-01
1.407609089736258e+00
1.602995930573512e+00
1.703250172070415e+00
1.505424450283276e+00
1.067539044079457e+00
6.296536378756389e-01
4.318279160884997e-01
5.320821575854033e-01
7.274689984226572e-01
1.214663068012038e+00
1.410049908849293e+00
1.510304150346196e+00
1.312478428559057e+00
8.745930223552383e-01
4.367076161514196e-01
2.388818943642805e-01
3.391361358611840e-01
5.345229766984380e-01
7.773665568344197e-01
9.727533976716733e-01
1.073007639168577e+00
8.751819173814377e-01
4.372965111776190e-01
-5.888950261995901e-04
-1.984146168133387e-01
-9.816037531643518e-02
9.722646552081883e-02
3.400700456568004e-01
5.354568864940544e-01
6.357111279909577e-01
4.378854062038186e-01
-1.040834085586084e-16
-4.378854062038187e-01
-6.357111279909580e-01
-5.354568864940543e-01
-3.400700456568003e-01
1.471240239325812e-01
3.425108647698352e-01
4.427651062667385e-01
2.449393844795995e-01
-1.929460217242192e-01
-6.308314279280378e-01
-8.286571497151771e-01
-7.284029082182735e-01
-5.330160673810195e-01
2.778413404674671e-01
4.732281813047211e-01
5.734824228016245e-01
3.756567010144855e-01
-6.222870518933329e-02
-5.001141113931519e-01
-6.979398331802911e-01
-5.976855916833876e-01
-4.022987508461335e-01
6.025200990496006e-01
7.979069398868548e-01
8.981611813837581e-01
7.003354595966190e-01
2.624500533928004e-01
-1.754353528110182e-01
-3.732610745981573e-01
-2.730068331012538e-01
-7.761999226399975e-02
5.149165034416191e-01
7.103033442788731e-01
8.105575857757765e-01
6.127318639886374e-01
1.748464577848187e-01
-2.630389484189999e-01
-4.608646702061390e-01
-3.606104287092355e-01
-1.652235878719814e-01
8.395952620237529e-01
1.034982102861007e+00
1.135236344357910e+00
9.374106225707711e-01
4.995252163669525e-01
6.163981016313375e-02
-1.361859116240053e-01
-3.593167012710184e-02
1.594551707101522e-01
9.703125785586387e-01
1.165699419395892e+00
1.265953660892796e+00
1.068127939105657e+00
6.302425329018382e-01
1.923571266980197e-01
-5.468595089119427e-03
9.478564640778403e-02
2.901724872450380e-01
7.773665568344196e-01
9.727533976716732e-01
1.073007639168577e+00
8.751819173814377e-01
4.372965111776190e-01
-5.888950261995901e-04
-1.984146168133387e-01
-9.816037531643518e-02
9.722646552081887e-02
3.400700456568004e-01
5.354568864940544e-01
6.357111279909575e-01
4.378854062038186e-01
-1.387778780781446e-16
-4.378854062038188e-01
-6.357111279909579e-01
-5.354568864940544e-01
-3.400700456568003e-01
-9.722646552081886e-02
9.816037531643521e-02
1.984146168133386e-01
5.888950261994375e-04
-4.372965111776193e-01
-8.751819173814378e-01
-1.073007639168577e+00
-9.727533976716733e-01
-7.773665568344195e-01
-2.901724872450380e-01
-9.478564640778400e-02
5.468595089119378e-03
-1.923571266980197e-01
-6.302425329018385e-01
-1.068127939105657e+00
-1.265953660892796e+00
-1.165699419395893e+00
-9.703125785586387e-01
-1.594551707101521e-01
3.593167012710196e-02
1.361859116240054e-01
-6.163981016313377e-02
-4.995252163669524e-01
-9.374106225707710e-01
-1.135236344357910e+00
-1.034982102861007e+00
-8.395952620237526e-01
1.652235878719816e-01
3.606104287092357e-01
4.608646702061390e-01
2.630389484189999e-01
-1.748464577848188e-01
-6.127318639886374e-01
-8.105575857757764e-01
-7.103033442788731e-01
-5.149165034416190e-01
7.761999226400000e-02
2.730068331012540e-01
3.732610745981574e-01
1.754353528110182e-01
-2.624500533928004e-01
-7.003354595966191e-01
-8.981611813837579e-01
-7.979069398868546e-01
-6.025200990496005e-01
4.022987508461337e-01
5.976855916833878e-01
6.979398331802908e-01
5.001141113931518e-01
6.222870518933325e-02
-3.756567010144855e-01
-5.734824228016244e-01
-4.732281813047210e-01
-2.778413404674669e-01
5.330160673810195e-01
7.284029082182734e-01
8.286571497151770e-01
6.308314279280377e-01
1.929460217242191e-01
-2.449393844795995e-01
-4.427651062667386e-01
-3.425108647698351e-01
-1.471240239325810e-01
3.400700456568003e-01
5.354568864940544e-01
6.357111279909577e-01
4.378854062038187e-01
-7.632783294297951e-17
-4.378854062038187e-01
-6.357111279909577e-01
-5.354568864940543e-01
-3.400700456568003e-01
-9.722646552081883e-02
9.816037531643521e-02
1.984146168133386e-01
5.888950261994375e-04
-4.372965111776193e-01
-8.751819173814379e-01
-1.073007639168577e+00
-9.727533976716735e-01
-7.773665568344194e-01
-5.345229766984380e-01
-3.391361358611839e-01
-2.388818943642806e-01
-4.367076161514196e-01
-8.745930223552383e-01
-1.312478428559057e+00
-1.510304150346196e+00
-1.410049908849293e+00
-1.214663068012038e+00
-7.274689984226571e-01
-5.320821575854031e-01
-4.318279160884999e-01
-6.296536378756389e-01
-1.067539044079457e+00
-1.505424450283276e+00
-1.703250172070415e+00
-1.602995930573512e+00
-1.407609089736258e+00
-5.967516818877712e-01
-4.013648410505172e-01
-3.011105995536139e-01
-4.989363213407529e-01
-9.368217275445715e-01
-1.374707133748390e+00
-1.572532855535529e+00
-1.472278614038626e+00
-1.276891773201371e+00
-2.720729233056375e-01
-7.668608246838349e-02
2.356815902851989e-02
-1.742575627586192e-01
-6.121429689624378e-01
-1.050028375166256e+00
-1.247854096953396e+00
-1.147599855456492e+00
-9.522130146192380e-01
-1.153260294602191e-01
8.006081137703490e-02
1.803150528739383e-01
-1.751066891320086e-02
-4.553960751170195e-01
-8.932814813208381e-01
-1.091107203107977e+00
-9.908529616110738e-01
-7.954661207738195e-01
2.093527291219145e-01
4.047395699591685e-01
5.049938114560719e-01
3.071680896689327e-01
-1.307173165348859e-01
-5.686027227387046e-01
-7.664284445258438e-01
-6.661742030289400e-01
-4.707873621916860e-01
3.400700456568004e-01
5.354568864940544e-01
6.357111279909580e-01
4.378854062038187e-01
-1.734723475976807e-17
-4.378854062038187e-01
-6.357111279909577e-01
-5.354568864940542e-01
-3.400700456568002e-01
1.471240239325812e-01
3.425108647698352e-01
4.427651062667386e-01
2.449393844795995e-01
-1.929460217242192e-01
-6.308314279280378e-01
-8.286571497151770e-01
-7.284029082182735e-01
-5.330160673810194e-01
-2.901724872450381e-01
-9.478564640778399e-02
5.468595089119401e-03
-1.923571266980197e-01
-6.302425329018383e-01
-1.068127939105657e+00
-1.265953660892796e+00
-1.165699419395893e+00
-9.703125785586384e-01
-7.274689984226571e-01
-5.320821575854031e-01
-4.318279160884998e-01
-6.296536378756388e-01
-1.067539044079457e+00
-1.505424450283276e+00
-1.703250172070415e+00
-1.602995930573512e+00
-1.407609089736257e+00
-9.204150201468763e-01
-7.250281793096223e-01
-6.247739378127188e-01
-8.225996595998579e-01
-1.260485065803677e+00
-1.698370472007495e+00
-1.896196193794634e+00
-1.795941952297730e+00
-1.600555111460476e+00
-7.896977036119903e-01
-5.943108627747364e-01
-4.940566212778330e-01
-6.918823430649719e-01
-1.129767749268791e+00
-1.567653155472609e+00
-1.765478877259748e+00
-1.665224635762845e+00
-1.469837794925591e+00
-4.650189450298566e-01
-2.696321041926027e-01
-1.693778626956993e-01
-3.672035844828384e-01
-8.050889906866570e-01
-1.242974396890476e+00
-1.440800118677615e+00
-1.340545877180712e+00
-1.145159036343457e+00
1.539128707466684e-02
2.107781279119209e-01
3.110323694088242e-01
1.132066476216851e-01
-3.246787585821336e-01
-7.625641647859522e-01
-9.603898865730913e-01
-8.601356450761877e-01
-6.647488042389335e-01
3.400700456568005e-01
5.354568864940545e-01
6.357111279909580e-01
4.378854062038188e-01
6.245004513516506e-17
-4.378854062038186e-01
-6.357111279909576e-01
-5.354568864940541e-01
-3.400700456568001e-01
4.707873621916863e-01
6.661742030289405e-01
7.664284445258438e-01
5.686027227387046e-01
1.307173165348860e-01
-3.071680896689327e-01
-5.049938114560718e-01
-4.047395699591683e-01
-2.093527291219142e-01
2.778413404674671e-01
4.732281813047211e-01
5.734824228016246e-01
3.756567010144855e-01
-6.222870518933326e-02
-5.001141113931519e-01
-6.979398331802911e-01
-5.976855916833875e-01
-4.022987508461335e-01
-1.594551707101521e-01
3.593167012710197e-02
1.361859116240054e-01
-6.163981016313374e-02
-4.995252163669524e-01
-9.374106225707711e-01
-1.135236344357910e+00
-1.034982102861007e+00
-8.395952620237526e-01
-5.967516818877712e-01
-4.013648410505172e-01
-3.011105995536137e-01
-4.989363213407529e-01
-9.368217275445715e-01
-1.374707133748390e+00
-1.572532855535529e+00
-1.472278614038626e+00
-1.276891773201371e+00
-7.896977036119903e-01
-5.943108627747362e-01
-4.940566212778330e-01
-6.918823430649719e-01
-1.129767749268791e+00
-1.567653155472609e+00
-1.765478877259748e+00
-1.665224635762845e+00
-1.469837794925591e+00
-6.589803870771043e-01
-4.635935462398503e-01
-3.633393047429470e-01
-5.611650265300860e-01
-9.990504327339047e-01
-1.436935838937723e+00
-1.634761560724862e+00
-1.534507319227959e+00
-1.339120478390705e+00
-3.343016284949707e-01
-1.389147876577167e-01
-3.866054616081330e-02
-2.364862679479524e-01
-6.743716741517710e-01
-1.112257080355590e+00
-1.310082802142729e+00
-1.209828560645826e+00
-1.014441719808571e+00
3.400700456568006e-01
5.354568864940547e-01
6.357111279909581e-01
4.378854062038189e-01
8.326672684688674e-17
-4.378854062038187e-01
-6.357111279909576e-01
-5.354568864940540e-01
-3.400700456567999e-01
6.647488042389342e-01
8.601356450761882e-01
9.603898865730918e-01
7.625641647859527e-01
3.246787585821337e-01
-1.132066476216849e-01
-3.110323694088238e-01
-2.107781279119204e-01
-1.539128707466639e-02
7.954661207738201e-01
9.908529616110741e-01
1.091107203107978e+00
8.932814813208384e-01
4.553960751170197e-01
1.751066891320100e-02
-1.803150528739380e-01
-8.006081137703458e-02
1.153260294602195e-01
6.025200990496006e-01
7.979069398868548e-01
8.981611813837581e-01
7.003354595966190e-01
2.624500533928005e-01
-1.754353528110182e-01
-3.732610745981573e-01
-2.730068331012538e-01
-7.761999226399977e-02
1.652235878719816e-01
3.606104287092356e-01
4.608646702061391e-01
2.630389484189999e-01
-1.748464577848187e-01
-6.127318639886374e-01
-8.105575857757764e-01
-7.103033442788730e-01
-5.149165034416190e-01
-2.720729233056375e-01
-7.668608246838346e-02
2.356815902851993e-02
-1.742575627586192e-01
-6.121429689624378e-01
-1.050028375166256e+00
-1.247854096953396e+00
-1.147599855456492e+00
-9.522130146192380e-01
-4.650189450298566e-01
-2.696321041926026e-01
-1.693778626956993e-01
-3.672035844828384e-01
-8.050889906866570e-01
-1.242974396890476e+00
-1.440800118677615e+00
-1.340545877180711e+00
-1.145159036343457e+00
-3.343016284949707e-01
-1.389147876577166e-01
-3.866054616081329e-02
-2.364862679479524e-01
-6.743716741517710e-01
-1.112257080355590e+00
-1.310082802142729e+00
-1.209828560645825e+00
-1.014441719808571e+00
-9.622869912836986e-03
1.857639709244170e-01
2.860182124213204e-01
8.819249063418128e-02
-3.496929155696374e-01
-7.875783217734561e-01
-9.854040435605951e-01
-8.851498020636915e-01
-6.897629612264372e-01
