7.347880794884119e-16
8.660254037844390e-01
8.660254037844393e-01
3.673940397442059e-16
-8.660254037844380e-01
-8.660254037844384e-01
4.898587196589413e-16
8.660254037844390e-01
1.732050807568877e+00
1.732050807568878e+00
8.660254037844387e-01
3.559516622919863e-16
2.288475490443933e-17
8.660254037844388e-01
8.660254037844393e-01
1.732050807568878e+00
1.732050807568878e+00
8.660254037844389e-01
5.779962672170177e-16
2.449293598294706e-16
8.660254037844390e-01
3.673940397442059e-16
8.660254037844387e-01
8.660254037844389e-01
0.000000000000000e+00
-8.660254037844384e-01
-8.660254037844387e-01
1.224646799147353e-16
-8.660254037844380e-01
3.559516622919863e-16
5.779962672170177e-16
-8.660254037844384e-01
-1.732050807568877e+00
-1.732050807568877e+00
-8.660254037844383e-01
-8.660254037844384e-01
2.288475490443933e-17
2.449293598294706e-16
-8.660254037844387e-01
-1.732050807568877e+00
-1.732050807568877e+00
-8.660254037844386e-01
4.898587196589413e-16
8.660254037844388e-01
8.660254037844390e-01
1.224646799147353e-16
-8.660254037844383e-01
-8.660254037844386e-01
2.449293598294706e-16
8.660254037844390e-01
1.732050807568877e+00
1.732050807568878e+00
8.660254037844387e-01
3.330669073875470e-16
0.000000000000000e+00
8.660254037844388e-01
1.732050807568877e+00
2.598076211353316e+00
2.598076211353316e+00
1.732050807568877e+00
8.660254037844387e-01
8.660254037844384e-01
1.732050807568877e+00
1.732050807568878e+00
2.598076211353316e+00
2.598076211353316e+00
1.732050807568877e+00
8.660254037844389e-01
8.660254037844386e-01
1.732050807568877e+00
8.660254037844387e-01
1.732050807568877e+00
1.732050807568877e+00
8.660254037844384e-01
0.000000000000000e+00
-3.330669073875470e-16
8.660254037844385e-01
3.330669073875470e-16
8.660254037844387e-01
8.660254037844389e-01
0.000000000000000e+00
-8.660254037844384e-01
-8.660254037844386e-01
1.110223024625157e-16
0.000000000000000e+00
8.660254037844384e-01
8.660254037844386e-01
-3.330669073875470e-16
-8.660254037844386e-01
-8.660254037844390e-01
-2.220446049250313e-16
8.660254037844388e-01
1.732050807568877e+00
1.732050807568877e+00
8.660254037844385e-01
1.110223024625157e-16
-2.220446049250313e-16
8.660254037844386e-01
8.660254037844393e-01
1.732050807568878e+00
1.732050807568878e+00
8.660254037844389e-01
5.551115123125783e-16
2.220446049250313e-16
8.660254037844390e-01
1.732050807568878e+00
2.598076211353316e+00
2.598076211353316e+00
1.732050807568877e+00
8.660254037844389e-01
8.660254037844386e-01
1.732050807568877e+00
1.732050807568878e+00
2.598076211353316e+00
2.598076211353316e+00
1.732050807568878e+00
8.660254037844392e-01
8.660254037844388e-01
1.732050807568878e+00
8.660254037844389e-01
1.732050807568877e+00
1.732050807568878e+00
8.660254037844386e-01
2.220446049250313e-16
-1.110223024625157e-16
8.660254037844387e-01
5.551115123125783e-16
8.660254037844389e-01
8.660254037844392e-01
2.220446049250313e-16
-8.660254037844382e-01
-8.660254037844384e-01
3.330669073875470e-16
2.220446049250313e-16
8.660254037844386e-01
8.660254037844388e-01
-1.110223024625157e-16
-8.660254037844384e-01
-8.660254037844388e-01
0.000000000000000e+00
8.660254037844390e-01
1.732050807568877e+00
1.732050807568878e+00
8.660254037844387e-01
3.330669073875470e-16
0.000000000000000e+00
8.660254037844388e-01
3.673940397442059e-16
8.660254037844387e-01
8.660254037844389e-01
0.000000000000000e+00
-8.660254037844384e-01
-8.660254037844387e-01
1.224646799147353e-16
8.660254037844387e-01
1.732050807568877e+00
1.732050807568877e+00
8.660254037844384e-01
-1.144237745221967e-17
-3.445092848397667e-16
8.660254037844385e-01
8.660254037844389e-01
1.732050807568877e+00
1.732050807568877e+00
8.660254037844386e-01
2.106022274728116e-16
-1.224646799147353e-16
8.660254037844387e-01
0.000000000000000e+00
8.660254037844384e-01
8.660254037844386e-01
-3.673940397442059e-16
-8.660254037844387e-01
-8.660254037844390e-01
-2.449293598294706e-16
-8.660254037844384e-01
-1.144237745221967e-17
2.106022274728116e-16
-8.660254037844387e-01
-1.732050807568877e+00
-1.732050807568877e+00
-8.660254037844386e-01
-8.660254037844387e-01
-3.445092848397667e-16
-1.224646799147353e-16
-8.660254037844390e-01
-1.732050807568877e+00
-1.732050807568878e+00
-8.660254037844389e-01
1.224646799147353e-16
8.660254037844385e-01
8.660254037844387e-01
-2.449293598294706e-16
-8.660254037844386e-01
-8.660254037844389e-01
-1.224646799147353e-16
-8.660254037844380e-01
3.330669073875470e-16
5.551115123125783e-16
-8.660254037844384e-01
-1.732050807568877e+00
-1.732050807568877e+00
-8.660254037844383e-01
3.330669073875470e-16
8.660254037844387e-01
8.660254037844389e-01
0.000000000000000e+00
-8.660254037844384e-01
-8.660254037844387e-01
1.110223024625157e-16
5.551115123125783e-16
8.660254037844389e-01
8.660254037844392e-01
2.220446049250313e-16
-8.660254037844382e-01
-8.660254037844385e-01
3.330669073875470e-16
-8.660254037844384e-01
0.000000000000000e+00
2.220446049250313e-16
-8.660254037844387e-01
-1.732050807568877e+00
-1.732050807568877e+00
-8.660254037844386e-01
-1.732050807568877e+00
-8.660254037844384e-01
-8.660254037844382e-01
-1.732050807568877e+00
-2.598076211353316e+00
-2.598076211353316e+00
-1.732050807568877e+00
-1.732050807568877e+00
-8.660254037844387e-01
-8.660254037844385e-01
-1.732050807568877e+00
-2.598076211353316e+00
-2.598076211353316e+00
-1.732050807568877e+00
-8.660254037844383e-01
1.110223024625157e-16
3.330669073875470e-16
-8.660254037844386e-01
-1.732050807568877e+00
-1.732050807568877e+00
-8.660254037844385e-01
-8.660254037844384e-01
0.000000000000000e+00
2.220446049250313e-16
-8.660254037844387e-01
-1.732050807568877e+00
-1.732050807568877e+00
-8.660254037844386e-01
0.000000000000000e+00
8.660254037844384e-01
8.660254037844386e-01
-3.330669073875470e-16
-8.660254037844387e-01
-8.660254037844390e-01
-2.220446049250313e-16
2.220446049250313e-16
8.660254037844386e-01
8.660254037844388e-01
-1.110223024625157e-16
-8.660254037844385e-01
-8.660254037844388e-01
0.000000000000000e+00
-8.660254037844387e-01
-3.330669073875470e-16
-1.110223024625157e-16
-8.660254037844390e-01
-1.732050807568877e+00
-1.732050807568878e+00
-8.660254037844389e-01
-1.732050807568877e+00
-8.660254037844387e-01
-8.660254037844385e-01
-1.732050807568877e+00
-2.598076211353316e+00
-2.598076211353316e+00
-1.732050807568877e+00
-1.732050807568877e+00
-8.660254037844390e-01
-8.660254037844388e-01
-1.732050807568878e+00
-2.598076211353316e+00
-2.598076211353316e+00
-1.732050807568878e+00
-8.660254037844386e-01
-2.220446049250313e-16
0.000000000000000e+00
-8.660254037844389e-01
-1.732050807568877e+00
-1.732050807568878e+00
-8.660254037844388e-01
4.898587196589413e-16
8.660254037844388e-01
8.660254037844390e-01
1.224646799147353e-16
-8.660254037844383e-01
-8.660254037844386e-01
2.449293598294706e-16
8.660254037844388e-01
1.732050807568877e+00
1.732050807568877e+00
8.660254037844385e-01
1.110223024625157e-16
-2.220446049250313e-16
8.660254037844386e-01
8.660254037844390e-01
1.732050807568877e+00
1.732050807568878e+00
8.660254037844387e-01
3.330669073875470e-16
0.000000000000000e+00
8.660254037844388e-01
1.224646799147353e-16
8.660254037844385e-01
8.660254037844387e-01
-2.449293598294706e-16
-8.660254037844386e-01
-8.660254037844389e-01
-1.224646799147353e-16
-8.660254037844383e-01
1.110223024625157e-16
3.330669073875470e-16
-8.660254037844386e-01
-1.732050807568877e+00
-1.732050807568877e+00
-8.660254037844385e-01
-8.660254037844386e-01
-2.220446049250313e-16
0.000000000000000e+00
-8.660254037844389e-01
-1.732050807568877e+00
-1.732050807568878e+00
-8.660254037844388e-01
2.449293598294706e-16
8.660254037844386e-01
8.660254037844388e-01
-1.224646799147353e-16
-8.660254037844385e-01
-8.660254037844388e-01
0.000000000000000e+00
