7.347880794884119e-16
7.818314824680304e-01
9.749279121818241e-01
4.338837391175585e-01
-4.338837391175578e-01
-9.749279121818231e-01
-7.818314824680296e-01
4.898587196589413e-16
7.818314824680304e-01
1.563662964936060e+00
1.756759394649854e+00
1.215715221585588e+00
3.479477433504719e-01
-1.930964297137933e-01
1.339070573669550e-16
7.818314824680301e-01
9.749279121818241e-01
1.756759394649854e+00
1.949855824363647e+00
1.408811651299382e+00
5.410441730642657e-01
3.559516622919863e-16
1.930964297137938e-01
9.749279121818238e-01
4.338837391175585e-01
1.215715221585588e+00
1.408811651299382e+00
8.677674782351162e-01
2.288475490443933e-17
-5.410441730642652e-01
-3.479477433504718e-01
4.338837391175582e-01
-4.338837391175578e-01
3.479477433504719e-01
5.410441730642657e-01
2.288475490443933e-17
-8.677674782351162e-01
-1.408811651299382e+00
-1.215715221585588e+00
-4.338837391175580e-01
-9.749279121818231e-01
-1.930964297137933e-01
3.559516622919863e-16
-5.410441730642652e-01
-1.408811651299382e+00
-1.949855824363647e+00
-1.756759394649853e+00
-9.749279121818233e-01
-7.818314824680296e-01
1.339070573669550e-16
1.930964297137938e-01
-3.479477433504718e-01
-1.215715221585588e+00
-1.756759394649853e+00
-1.563662964936060e+00
-7.818314824680298e-01
4.898587196589413e-16
7.818314824680301e-01
9.749279121818238e-01
4.338837391175582e-01
-4.338837391175580e-01
-9.749279121818233e-01
-7.818314824680298e-01
2.449293598294706e-16
7.818314824680304e-01
1.563662964936060e+00
1.756759394649854e+00
1.215715221585588e+00
3.479477433504719e-01
-1.930964297137934e-01
1.110223024625157e-16
7.818314824680301e-01
1.563662964936060e+00
2.345494447404090e+00
2.538590877117883e+00
1.997546704053618e+00
1.129779225818502e+00
5.887350527542363e-01
7.818314824680298e-01
1.563662964936060e+00
1.756759394649854e+00
2.538590877117883e+00
2.731687306831677e+00
2.190643133767411e+00
1.322875655532295e+00
7.818314824680300e-01
9.749279121818235e-01
1.756759394649853e+00
1.215715221585588e+00
1.997546704053618e+00
2.190643133767411e+00
1.649598960703146e+00
7.818314824680297e-01
2.407873094037645e-01
4.338837391175579e-01
1.215715221585588e+00
3.479477433504719e-01
1.129779225818502e+00
1.322875655532295e+00
7.818314824680297e-01
-8.593599576708655e-02
-6.269801688313519e-01
-4.338837391175583e-01
3.479477433504717e-01
-1.930964297137934e-01
5.887350527542363e-01
7.818314824680300e-01
2.407873094037645e-01
-6.269801688313519e-01
-1.168024341895617e+00
-9.749279121818235e-01
-1.930964297137936e-01
1.110223024625157e-16
7.818314824680298e-01
9.749279121818235e-01
4.338837391175579e-01
-4.338837391175583e-01
-9.749279121818235e-01
-7.818314824680301e-01
-1.110223024625157e-16
7.818314824680301e-01
1.563662964936060e+00
1.756759394649853e+00
1.215715221585588e+00
3.479477433504717e-01
-1.930964297137936e-01
-1.110223024625157e-16
7.818314824680299e-01
9.749279121818241e-01
1.756759394649854e+00
1.949855824363647e+00
1.408811651299382e+00
5.410441730642657e-01
3.330669073875470e-16
1.930964297137938e-01
9.749279121818238e-01
1.756759394649854e+00
2.538590877117883e+00
2.731687306831677e+00
2.190643133767411e+00
1.322875655532295e+00
7.818314824680300e-01
9.749279121818235e-01
1.756759394649853e+00
1.949855824363647e+00
2.731687306831677e+00
2.924783736545471e+00
2.383739563481205e+00
1.515972085246089e+00
9.749279121818237e-01
1.168024341895617e+00
1.949855824363647e+00
1.408811651299382e+00
2.190643133767411e+00
2.383739563481205e+00
1.842695390416940e+00
9.749279121818234e-01
4.338837391175582e-01
6.269801688313517e-01
1.408811651299382e+00
5.410441730642657e-01
1.322875655532295e+00
1.515972085246089e+00
9.749279121818234e-01
1.071604339467072e-01
-4.338837391175582e-01
-2.407873094037646e-01
5.410441730642654e-01
3.330669073875470e-16
7.818314824680300e-01
9.749279121818237e-01
4.338837391175582e-01
-4.338837391175582e-01
-9.749279121818234e-01
-7.818314824680298e-01
1.110223024625157e-16
1.930964297137938e-01
9.749279121818235e-01
1.168024341895617e+00
6.269801688313517e-01
-2.407873094037646e-01
-7.818314824680298e-01
-5.887350527542364e-01
1.930964297137936e-01
9.749279121818238e-01
1.756759394649853e+00
1.949855824363647e+00
1.408811651299382e+00
5.410441730642654e-01
1.110223024625157e-16
1.930964297137936e-01
9.749279121818236e-01
4.338837391175585e-01
1.215715221585588e+00
1.408811651299382e+00
8.677674782351162e-01
0.000000000000000e+00
-5.410441730642652e-01
-3.479477433504718e-01
4.338837391175582e-01
1.215715221585588e+00
1.997546704053618e+00
2.190643133767411e+00
1.649598960703146e+00
7.818314824680297e-01
2.407873094037644e-01
4.338837391175579e-01
1.215715221585588e+00
1.408811651299382e+00
2.190643133767411e+00
2.383739563481205e+00
1.842695390416940e+00
9.749279121818235e-01
4.338837391175581e-01
6.269801688313517e-01
1.408811651299382e+00
8.677674782351162e-01
1.649598960703146e+00
1.842695390416940e+00
1.301651217352674e+00
4.338837391175578e-01
-1.071604339467074e-01
8.593599576708599e-02
8.677674782351160e-01
0.000000000000000e+00
7.818314824680297e-01
9.749279121818235e-01
4.338837391175578e-01
-4.338837391175585e-01
-9.749279121818237e-01
-7.818314824680301e-01
-2.220446049250313e-16
-5.410441730642652e-01
2.407873094037644e-01
4.338837391175581e-01
-1.071604339467074e-01
-9.749279121818237e-01
-1.515972085246089e+00
-1.322875655532295e+00
-5.410441730642654e-01
-3.479477433504718e-01
4.338837391175579e-01
6.269801688313517e-01
8.593599576708599e-02
-7.818314824680301e-01
-1.322875655532295e+00
-1.129779225818502e+00
-3.479477433504720e-01
4.338837391175582e-01
1.215715221585588e+00
1.408811651299382e+00
8.677674782351160e-01
-2.220446049250313e-16
-5.410441730642654e-01
-3.479477433504720e-01
4.338837391175580e-01
-4.338837391175577e-01
3.479477433504719e-01
5.410441730642657e-01
0.000000000000000e+00
-8.677674782351162e-01
-1.408811651299382e+00
-1.215715221585588e+00
-4.338837391175580e-01
3.479477433504719e-01
1.129779225818502e+00
1.322875655532295e+00
7.818314824680297e-01
-8.593599576708655e-02
-6.269801688313519e-01
-4.338837391175583e-01
3.479477433504717e-01
5.410441730642657e-01
1.322875655532295e+00
1.515972085246089e+00
9.749279121818233e-01
1.071604339467072e-01
-4.338837391175581e-01
-2.407873094037646e-01
5.410441730642654e-01
0.000000000000000e+00
7.818314824680297e-01
9.749279121818233e-01
4.338837391175578e-01
-4.338837391175585e-01
-9.749279121818237e-01
-7.818314824680302e-01
-2.220446049250313e-16
-8.677674782351162e-01
-8.593599576708655e-02
1.071604339467072e-01
-4.338837391175585e-01
-1.301651217352675e+00
-1.842695390416940e+00
-1.649598960703146e+00
-8.677674782351165e-01
-1.408811651299382e+00
-6.269801688313519e-01
-4.338837391175581e-01
-9.749279121818237e-01
-1.842695390416940e+00
-2.383739563481205e+00
-2.190643133767411e+00
-1.408811651299382e+00
-1.215715221585588e+00
-4.338837391175583e-01
-2.407873094037646e-01
-7.818314824680302e-01
-1.649598960703146e+00
-2.190643133767411e+00
-1.997546704053618e+00
-1.215715221585588e+00
-4.338837391175580e-01
3.479477433504717e-01
5.410441730642654e-01
-2.220446049250313e-16
-8.677674782351165e-01
-1.408811651299382e+00
-1.215715221585588e+00
-4.338837391175582e-01
-9.749279121818231e-01
-1.930964297137934e-01
3.330669073875470e-16
-5.410441730642652e-01
-1.408811651299382e+00
-1.949855824363647e+00
-1.756759394649853e+00
-9.749279121818233e-01
-1.930964297137934e-01
5.887350527542363e-01
7.818314824680299e-01
2.407873094037645e-01
-6.269801688313519e-01
-1.168024341895617e+00
-9.749279121818236e-01
-1.930964297137936e-01
3.330669073875470e-16
7.818314824680299e-01
9.749279121818237e-01
4.338837391175581e-01
-4.338837391175581e-01
-9.749279121818234e-01
-7.818314824680299e-01
1.110223024625157e-16
-5.410441730642652e-01
2.407873094037645e-01
4.338837391175581e-01
-1.071604339467075e-01
-9.749279121818237e-01
-1.515972085246089e+00
-1.322875655532296e+00
-5.410441730642654e-01
-1.408811651299382e+00
-6.269801688313519e-01
-4.338837391175581e-01
-9.749279121818237e-01
-1.842695390416940e+00
-2.383739563481205e+00
-2.190643133767412e+00
-1.408811651299382e+00
-1.949855824363647e+00
-1.168024341895617e+00
-9.749279121818234e-01
-1.515972085246089e+00
-2.383739563481205e+00
-2.924783736545471e+00
-2.731687306831677e+00
-1.949855824363647e+00
-1.756759394649853e+00
-9.749279121818236e-01
-7.818314824680299e-01
-1.322875655532296e+00
-2.190643133767412e+00
-2.731687306831677e+00
-2.538590877117883e+00
-1.756759394649853e+00
-9.749279121818233e-01
-1.930964297137936e-01
1.110223024625157e-16
-5.410441730642654e-01
-1.408811651299382e+00
-1.949855824363647e+00
-1.756759394649853e+00
-9.749279121818235e-01
-7.818314824680296e-01
1.110223024625157e-16
1.930964297137938e-01
-3.479477433504718e-01
-1.215715221585588e+00
-1.756759394649853e+00
-1.563662964936060e+00
-7.818314824680298e-01
1.110223024625157e-16
7.818314824680298e-01
9.749279121818234e-01
4.338837391175580e-01
-4.338837391175583e-01
-9.749279121818236e-01
-7.818314824680301e-01
-1.110223024625157e-16
1.930964297137938e-01
9.749279121818234e-01
1.168024341895617e+00
6.269801688313515e-01
-2.407873094037646e-01
-7.818314824680299e-01
-5.887350527542364e-01
1.930964297137936e-01
-3.479477433504718e-01
4.338837391175580e-01
6.269801688313515e-01
8.593599576708599e-02
-7.818314824680302e-01
-1.322875655532295e+00
-1.129779225818502e+00
-3.479477433504720e-01
-1.215715221585588e+00
-4.338837391175583e-01
-2.407873094037646e-01
-7.818314824680302e-01
-1.649598960703146e+00
-2.190643133767412e+00
-1.997546704053618e+00
-1.215715221585588e+00
-1.756759394649853e+00
-9.749279121818236e-01
-7.818314824680299e-01
-1.322875655532295e+00
-2.190643133767412e+00
-2.731687306831677e+00
-2.538590877117883e+00
-1.756759394649853e+00
-1.563662964936060e+00
-7.818314824680301e-01
-5.887350527542364e-01
-1.129779225818502e+00
-1.997546704053618e+00
-2.538590877117883e+00
-2.345494447404090e+00
-1.563662964936060e+00
-7.818314824680298e-01
-1.110223024625157e-16
1.930964297137936e-01
-3.479477433504720e-01
-1.215715221585588e+00
-1.756759394649853e+00
-1.563662964936060e+00
-7.818314824680300e-01
4.898587196589413e-16
7.818314824680301e-01
9.749279121818238e-01
4.338837391175582e-01
-4.338837391175580e-01
-9.749279121818233e-01
-7.818314824680298e-01
2.449293598294706e-16
7.818314824680301e-01
1.563662964936060e+00
1.756759394649853e+00
1.215715221585588e+00
3.479477433504717e-01
-1.930964297137936e-01
-1.110223024625157e-16
7.818314824680299e-01
9.749279121818238e-01
1.756759394649853e+00
1.949855824363647e+00
1.408811651299382e+00
5.410441730642654e-01
1.110223024625157e-16
1.930964297137936e-01
9.749279121818236e-01
4.338837391175582e-01
1.215715221585588e+00
1.408811651299382e+00
8.677674782351160e-01
-2.220446049250313e-16
-5.410441730642654e-01
-3.479477433504720e-01
4.338837391175580e-01
-4.338837391175580e-01
3.479477433504717e-01
5.410441730642654e-01
-2.220446049250313e-16
-8.677674782351165e-01
-1.408811651299382e+00
-1.215715221585588e+00
-4.338837391175582e-01
-9.749279121818233e-01
-1.930964297137936e-01
1.110223024625157e-16
-5.410441730642654e-01
-1.408811651299382e+00
-1.949855824363647e+00
-1.756759394649853e+00
-9.749279121818235e-01
-7.818314824680298e-01
-1.110223024625157e-16
1.930964297137936e-01
-3.479477433504720e-01
-1.215715221585588e+00
-1.756759394649853e+00
-1.563662964936060e+00
-7.818314824680300e-01
2.449293598294706e-16
7.818314824680299e-01
9.749279121818236e-01
4.338837391175580e-01
-4.338837391175582e-01
-9.749279121818235e-01
-7.818314824680300e-01
0.000000000000000e+00
