7.347880794884119e-16
1.000000000000000e+00
3.673940397442059e-16
-9.999999999999996e-01
4.898587196589413e-16
1.000000000000000e+00
2.000000000000000e+00
1.000000000000000e+00
2.449293598294706e-16
1.000000000000000e+00
3.673940397442059e-16
1.000000000000000e+00
0.000000000000000e+00
-1.000000000000000e+00
1.224646799147353e-16
-9.999999999999996e-01
2.449293598294706e-16
-1.000000000000000e+00
-2.000000000000000e+00
-9.999999999999998e-01
4.898587196589413e-16
1.000000000000000e+00
1.224646799147353e-16
-9.999999999999998e-01
2.449293598294706e-16
1.000000000000000e+00
2.000000000000000e+00
1.000000000000000e+00
2.220446049250313e-16
1.000000000000000e+00
2.000000000000000e+00
3.000000000000000e+00
2.000000000000000e+00
1.000000000000000e+00
2.000000000000000e+00
1.000000000000000e+00
2.000000000000000e+00
9.999999999999998e-01
-2.220446049250313e-16
9.999999999999999e-01
2.220446049250313e-16
1.000000000000000e+00
-2.220446049250313e-16
-1.000000000000000e+00
0.000000000000000e+00
1.000000000000000e+00
2.000000000000000e+00
9.999999999999999e-01
0.000000000000000e+00
1.000000000000000e+00
3.673940397442059e-16
1.000000000000000e+00
0.000000000000000e+00
-9.999999999999999e-01
1.224646799147353e-16
1.000000000000000e+00
2.000000000000000e+00
9.999999999999998e-01
-1.224646799147353e-16
9.999999999999999e-01
0.000000000000000e+00
9.999999999999998e-01
-3.673940397442059e-16
-1.000000000000000e+00
-2.449293598294706e-16
-9.999999999999999e-01
-1.224646799147353e-16
-1.000000000000000e+00
-2.000000000000000e+00
-1.000000000000000e+00
1.224646799147353e-16
9.999999999999999e-01
-2.449293598294706e-16
-1.000000000000000e+00
-1.224646799147353e-16
-9.999999999999996e-01
2.220446049250313e-16
-9.999999999999999e-01
-2.000000000000000e+00
-9.999999999999998e-01
2.220446049250313e-16
1.000000000000000e+00
-1.110223024625157e-16
-1.000000000000000e+00
0.000000000000000e+00
-9.999999999999999e-01
-1.110223024625157e-16
-1.000000000000000e+00
-2.000000000000000e+00
-1.000000000000000e+00
-2.000000000000000e+00
-1.000000000000000e+00
-2.000000000000000e+00
-3.000000000000000e+00
-2.000000000000000e+00
-9.999999999999998e-01
0.000000000000000e+00
-1.000000000000000e+00
-2.000000000000000e+00
-1.000000000000000e+00
4.898587196589413e-16
1.000000000000000e+00
1.224646799147353e-16
-9.999999999999998e-01
2.449293598294706e-16
1.000000000000000e+00
2.000000000000000e+00
9.999999999999999e-01
0.000000000000000e+00
1.000000000000000e+00
1.224646799147353e-16
9.999999999999999e-01
-2.449293598294706e-16
-1.000000000000000e+00
-1.224646799147353e-16
-9.999999999999998e-01
0.000000000000000e+00
-1.000000000000000e+00
-2.000000000000000e+00
-1.000000000000000e+00
2.449293598294706e-16
1.000000000000000e+00
-1.224646799147353e-16
-1.000000000000000e+00
0.000000000000000e+00
