1.368505911589573
0.511585768732414
0.508889016030305
0.510403363772216
0.510552784537592
0.510567706507246
2.750999870912271
0.278876447376450
0.286870287678536
0.289928988535642
0.290235262199673
0.290265893453293
5.806735332573852
5831.779549505350587
0.129640813443949
0.132528500591877
0.132818520324536
0.132847534835093
11.856807049078729
18523259230.186878204345703
1739244916146553860505078107223039545685573632.000000000000000
0.045291293617959
0.045555510841917
0.045581946635211
23.929189566783748
13494773497984260.000000000000000
35458182218684821454926032149494099202452000189282179945678339915022350182358545767053376883766821166763116331008.000000000000000
0.000929872087185
0.000084536994859
0.000000000000000