6.667688831421380e-01
8.754606639746758e-01
9.799325843251926e-01
7.793473471887324e-01
3.367293185294762e-01
-1.058887101297801e-01
-3.064739472662402e-01
-2.020020269157231e-01
6.689753916814643e-03
9.981045264874313e-01
1.206796307319969e+00
1.311268227670486e+00
1.110682990534025e+00
6.680649618747690e-01
2.254469332155130e-01
2.486169607905307e-02
1.293336164295702e-01
3.380253972621078e-01
1.134137287879961e+00
1.342829068712498e+00
1.447300989063016e+00
1.246715751926556e+00
8.040977232672991e-01
3.614796946080429e-01
1.608944574715830e-01
2.653663778221001e-01
4.740581586546377e-01
9.398567951922686e-01
1.148548576024806e+00
1.253020496375323e+00
1.052435259238863e+00
6.098172305796068e-01
1.671992019203504e-01
-3.338603521610951e-02
7.108588513440761e-02
2.797776659669453e-01
4.984042238773997e-01
7.070960047099374e-01
8.115679250604542e-01
6.109826879239943e-01
1.683646592647381e-01
-2.742533693945182e-01
-4.748386065309781e-01
-3.703666861804610e-01
-1.616749053479235e-01
5.695165256253117e-02
2.656434333950687e-01
3.701153537455857e-01
1.695301166091256e-01
-2.730879120501306e-01
-7.157059407093865e-01
-9.162911778458468e-01
-8.118192574953293e-01
-6.031274766627921e-01
-1.373288401251611e-01
7.136294070737643e-02
1.758348610578934e-01
-2.475037607856664e-02
-4.673684047378229e-01
-9.099864333970791e-01
-1.110571670533539e+00
-1.006099750183022e+00
-7.974079693504844e-01
-1.296078732631212e-03
2.073957020999064e-01
3.118676224504235e-01
1.112823853139633e-01
-3.313356433452931e-01
-7.739536720045488e-01
-9.745389091410089e-01
-8.700669887904919e-01
-6.613752079579542e-01
3.300395646126622e-01
5.387313454451996e-01
6.432032657957166e-01
4.426180286592564e-01
2.112183308245556e-16
-4.426180286592558e-01
-6.432032657957161e-01
-5.387313454451991e-01
-3.300395646126613e-01
9.981045264874313e-01
1.206796307319969e+00
1.311268227670486e+00
1.110682990534025e+00
6.680649618747690e-01
2.254469332155130e-01
2.486169607905306e-02
1.293336164295701e-01
3.380253972621078e-01
1.329440169832725e+00
1.538131950665262e+00
1.642603871015779e+00
1.442018633879319e+00
9.994006052200627e-01
5.567825765608062e-01
3.561973394243464e-01
4.606692597748633e-01
6.693610406074011e-01
1.465472931225254e+00
1.674164712057792e+00
1.778636632408308e+00
1.578051395271848e+00
1.135433366612592e+00
6.928153379533361e-01
4.922301008168763e-01
5.967020211673932e-01
8.053938019999308e-01
1.271192438537561e+00
1.479884219370099e+00
1.584356139720616e+00
1.383770902584156e+00
9.411528739249000e-01
4.985348452656436e-01
2.979496081291836e-01
4.024215284797008e-01
6.111133093122384e-01
8.297398672226927e-01
1.038431648055230e+00
1.142903568405748e+00
9.423183312692875e-01
4.997003026100313e-01
5.708227395077490e-02
-1.435029631856851e-01
-3.903104283516805e-02
1.696607379973696e-01
3.882872959078242e-01
5.969790767403618e-01
7.014509970908787e-01
5.008657599544191e-01
5.824773129516254e-02
-3.843702973640937e-01
-5.849555345005536e-01
-4.804836141500366e-01
-2.717918333174990e-01
1.940068032201320e-01
4.026985840526696e-01
5.071705044031865e-01
3.065852672667266e-01
-1.360327613925298e-01
-5.786507900517862e-01
-7.792360271882460e-01
-6.747641068377294e-01
-4.660723260051913e-01
3.300395646126620e-01
5.387313454451996e-01
6.432032657957165e-01
4.426180286592564e-01
1.233346510141410e-16
-4.426180286592561e-01
-6.432032657957161e-01
-5.387313454451992e-01
-3.300395646126613e-01
6.613752079579551e-01
8.700669887904929e-01
9.745389091410096e-01
7.739536720045495e-01
3.313356433452932e-01
-1.112823853139629e-01
-3.118676224504229e-01
-2.073957020999059e-01
1.296078732631789e-03
1.134137287879961e+00
1.342829068712498e+00
1.447300989063016e+00
1.246715751926555e+00
8.040977232672991e-01
3.614796946080428e-01
1.608944574715830e-01
2.653663778221000e-01
4.740581586546377e-01
1.465472931225254e+00
1.674164712057792e+00
1.778636632408309e+00
1.578051395271848e+00
1.135433366612592e+00
6.928153379533361e-01
4.922301008168762e-01
5.967020211673931e-01
8.053938019999308e-01
1.601505692617784e+00
1.810197473450321e+00
1.914669393800838e+00
1.714084156664378e+00
1.271466128005122e+00
8.288480993458657e-01
6.282628622094057e-01
7.327347825599229e-01
9.414265633924606e-01
1.407225199930091e+00
1.615916980762629e+00
1.720388901113145e+00
1.519803663976686e+00
1.077185635317430e+00
6.345676066581736e-01
4.339823695217134e-01
5.384542898722301e-01
7.471460707047680e-01
9.657726286152226e-01
1.174464409447760e+00
1.278936329798277e+00
1.078351092661817e+00
6.357330640025611e-01
1.931150353433047e-01
-7.470201793155228e-03
9.700171855736177e-02
3.056934993898995e-01
5.243200573003539e-01
7.330118381328915e-01
8.374837584834087e-01
6.368985213469490e-01
1.942804926876923e-01
-2.483375359715639e-01
-4.489227731080238e-01
-3.444508527575068e-01
-1.357590719249691e-01
3.300395646126617e-01
5.387313454451994e-01
6.432032657957164e-01
4.426180286592564e-01
-1.132368562010991e-17
-4.426180286592563e-01
-6.432032657957163e-01
-5.387313454451992e-01
-3.300395646126613e-01
4.660723260051915e-01
6.747641068377296e-01
7.792360271882464e-01
5.786507900517863e-01
1.360327613925300e-01
-3.065852672667263e-01
-5.071705044031862e-01
-4.026985840526692e-01
-1.940068032201315e-01
7.974079693504847e-01
1.006099750183022e+00
1.110571670533540e+00
9.099864333970795e-01
4.673684047378232e-01
2.475037607856687e-02
-1.758348610578930e-01
-7.136294070737596e-02
1.373288401251617e-01
9.398567951922684e-01
1.148548576024806e+00
1.253020496375323e+00
1.052435259238863e+00
6.098172305796068e-01
1.671992019203504e-01
-3.338603521610953e-02
7.108588513440757e-02
2.797776659669453e-01
1.271192438537561e+00
1.479884219370099e+00
1.584356139720616e+00
1.383770902584156e+00
9.411528739249000e-01
4.985348452656436e-01
2.979496081291836e-01
4.024215284797006e-01
6.111133093122383e-01
1.407225199930091e+00
1.615916980762629e+00
1.720388901113145e+00
1.519803663976686e+00
1.077185635317430e+00
6.345676066581736e-01
4.339823695217134e-01
5.384542898722301e-01
7.471460707047680e-01
1.212944707242399e+00
1.421636488074936e+00
1.526108408425453e+00
1.325523171288993e+00
8.829051426297374e-01
4.402871139704810e-01
2.397018768340211e-01
3.441737971845380e-01
5.528655780170756e-01
7.714921359275300e-01
9.801839167600673e-01
1.084655837110585e+00
8.840705999741250e-01
4.414525713148686e-01
-1.165457344387678e-03
-2.017506944808477e-01
-9.727877413033068e-02
1.114130067022070e-01
3.300395646126615e-01
5.387313454451992e-01
6.432032657957163e-01
4.426180286592563e-01
-9.766658600231275e-17
-4.426180286592564e-01
-6.432032657957164e-01
-5.387313454451992e-01
-3.300395646126614e-01
1.357590719249693e-01
3.444508527575070e-01
4.489227731080238e-01
2.483375359715638e-01
-1.942804926876925e-01
-6.368985213469490e-01
-8.374837584834087e-01
-7.330118381328914e-01
-5.243200573003537e-01
2.717918333174991e-01
4.804836141500369e-01
5.849555345005539e-01
3.843702973640939e-01
-5.824773129516254e-02
-5.008657599544190e-01
-7.014509970908787e-01
-5.969790767403618e-01
-3.882872959078239e-01
6.031274766627921e-01
8.118192574953298e-01
9.162911778458470e-01
7.157059407093870e-01
2.730879120501308e-01
-1.695301166091256e-01
-3.701153537455856e-01
-2.656434333950685e-01
-5.695165256253071e-02
4.984042238773997e-01
7.070960047099374e-01
8.115679250604542e-01
6.109826879239942e-01
1.683646592647380e-01
-2.742533693945182e-01
-4.748386065309781e-01
-3.703666861804611e-01
-1.616749053479235e-01
8.297398672226927e-01
1.038431648055230e+00
1.142903568405748e+00
9.423183312692875e-01
4.997003026100313e-01
5.708227395077489e-02
-1.435029631856851e-01
-3.903104283516805e-02
1.696607379973696e-01
9.657726286152226e-01
1.174464409447760e+00
1.278936329798277e+00
1.078351092661817e+00
6.357330640025611e-01
1.931150353433047e-01
-7.470201793155234e-03
9.700171855736177e-02
3.056934993898995e-01
7.714921359275300e-01
9.801839167600677e-01
1.084655837110585e+00
8.840705999741250e-01
4.414525713148686e-01
-1.165457344387687e-03
-2.017506944808477e-01
-9.727877413033068e-02
1.114130067022070e-01
3.300395646126615e-01
5.387313454451992e-01
6.432032657957162e-01
4.426180286592563e-01
-1.269965701957583e-16
-4.426180286592564e-01
-6.432032657957164e-01
-5.387313454451992e-01
-3.300395646126615e-01
-1.114130067022070e-01
9.727877413033065e-02
2.017506944808476e-01
1.165457344387478e-03
-4.414525713148689e-01
-8.840705999741251e-01
-1.084655837110585e+00
-9.801839167600674e-01
-7.714921359275300e-01
-3.056934993898994e-01
-9.700171855736171e-02
7.470201793155200e-03
-1.931150353433048e-01
-6.357330640025614e-01
-1.078351092661818e+00
-1.278936329798277e+00
-1.174464409447760e+00
-9.657726286152225e-01
-1.696607379973695e-01
3.903104283516823e-02
1.435029631856852e-01
-5.708227395077490e-02
-4.997003026100315e-01
-9.423183312692875e-01
-1.142903568405747e+00
-1.038431648055230e+00
-8.297398672226927e-01
1.616749053479237e-01
3.703666861804615e-01
4.748386065309782e-01
2.742533693945182e-01
-1.683646592647381e-01
-6.109826879239942e-01
-8.115679250604541e-01
-7.070960047099371e-01
-4.984042238773995e-01
5.695165256253117e-02
2.656434333950687e-01
3.701153537455857e-01
1.695301166091256e-01
-2.730879120501307e-01
-7.157059407093866e-01
-9.162911778458468e-01
-8.118192574953293e-01
-6.031274766627921e-01
3.882872959078243e-01
5.969790767403619e-01
7.014509970908788e-01
5.008657599544191e-01
5.824773129516252e-02
-3.843702973640938e-01
-5.849555345005537e-01
-4.804836141500366e-01
-2.717918333174990e-01
5.243200573003539e-01
7.330118381328916e-01
8.374837584834087e-01
6.368985213469489e-01
1.942804926876923e-01
-2.483375359715639e-01
-4.489227731080239e-01
-3.444508527575068e-01
-1.357590719249691e-01
3.300395646126615e-01
5.387313454451994e-01
6.432032657957163e-01
4.426180286592564e-01
-8.842676055811954e-17
-4.426180286592564e-01
-6.432032657957164e-01
-5.387313454451992e-01
-3.300395646126615e-01
-1.114130067022070e-01
9.727877413033065e-02
2.017506944808476e-01
1.165457344387495e-03
-4.414525713148687e-01
-8.840705999741250e-01
-1.084655837110585e+00
-9.801839167600674e-01
-7.714921359275300e-01
-5.528655780170756e-01
-3.441737971845380e-01
-2.397018768340211e-01
-4.402871139704811e-01
-8.829051426297374e-01
-1.325523171288993e+00
-1.526108408425453e+00
-1.421636488074936e+00
-1.212944707242399e+00
-7.471460707047679e-01
-5.384542898722300e-01
-4.339823695217134e-01
-6.345676066581736e-01
-1.077185635317430e+00
-1.519803663976686e+00
-1.720388901113145e+00
-1.615916980762628e+00
-1.407225199930091e+00
-6.111133093122381e-01
-4.024215284797004e-01
-2.979496081291836e-01
-4.985348452656435e-01
-9.411528739249000e-01
-1.383770902584155e+00
-1.584356139720615e+00
-1.479884219370098e+00
-1.271192438537561e+00
-2.797776659669448e-01
-7.108588513440725e-02
3.338603521610969e-02
-1.671992019203503e-01
-6.098172305796068e-01
-1.052435259238862e+00
-1.253020496375323e+00
-1.148548576024805e+00
-9.398567951922678e-01
-1.373288401251611e-01
7.136294070737646e-02
1.758348610578934e-01
-2.475037607856665e-02
-4.673684047378229e-01
-9.099864333970791e-01
-1.110571670533539e+00
-1.006099750183022e+00
-7.974079693504844e-01
1.940068032201320e-01
4.026985840526697e-01
5.071705044031865e-01
3.065852672667266e-01
-1.360327613925298e-01
-5.786507900517862e-01
-7.792360271882460e-01
-6.747641068377294e-01
-4.660723260051913e-01
3.300395646126617e-01
5.387313454451994e-01
6.432032657957164e-01
4.426180286592564e-01
-1.567765091718783e-17
-4.426180286592564e-01
-6.432032657957163e-01
-5.387313454451992e-01
-3.300395646126613e-01
1.357590719249693e-01
3.444508527575070e-01
4.489227731080239e-01
2.483375359715638e-01
-1.942804926876925e-01
-6.368985213469490e-01
-8.374837584834087e-01
-7.330118381328914e-01
-5.243200573003537e-01
-3.056934993898994e-01
-9.700171855736169e-02
7.470201793155230e-03
-1.931150353433048e-01
-6.357330640025614e-01
-1.078351092661818e+00
-1.278936329798277e+00
-1.174464409447760e+00
-9.657726286152225e-01
-7.471460707047679e-01
-5.384542898722300e-01
-4.339823695217134e-01
-6.345676066581736e-01
-1.077185635317430e+00
-1.519803663976686e+00
-1.720388901113145e+00
-1.615916980762628e+00
-1.407225199930091e+00
-9.414265633924602e-01
-7.327347825599226e-01
-6.282628622094057e-01
-8.288480993458657e-01
-1.271466128005122e+00
-1.714084156664378e+00
-1.914669393800838e+00
-1.810197473450321e+00
-1.601505692617783e+00
-8.053938019999304e-01
-5.967020211673930e-01
-4.922301008168756e-01
-6.928153379533359e-01
-1.135433366612592e+00
-1.578051395271848e+00
-1.778636632408308e+00
-1.674164712057791e+00
-1.465472931225253e+00
-4.740581586546371e-01
-2.653663778220995e-01
-1.608944574715826e-01
-3.614796946080425e-01
-8.040977232672991e-01
-1.246715751926555e+00
-1.447300989063015e+00
-1.342829068712498e+00
-1.134137287879960e+00
-1.296078732631235e-03
2.073957020999064e-01
3.118676224504235e-01
1.112823853139633e-01
-3.313356433452931e-01
-7.739536720045491e-01
-9.745389091410089e-01
-8.700669887904919e-01
-6.613752079579542e-01
3.300395646126620e-01
5.387313454451996e-01
6.432032657957165e-01
4.426180286592564e-01
9.198037983161511e-17
-4.426180286592562e-01
-6.432032657957161e-01
-5.387313454451992e-01
-3.300395646126613e-01
4.660723260051917e-01
6.747641068377296e-01
7.792360271882464e-01
5.786507900517863e-01
1.360327613925300e-01
-3.065852672667264e-01
-5.071705044031862e-01
-4.026985840526692e-01
-1.940068032201314e-01
2.717918333174991e-01
4.804836141500369e-01
5.849555345005539e-01
3.843702973640939e-01
-5.824773129516254e-02
-5.008657599544190e-01
-7.014509970908787e-01
-5.969790767403618e-01
-3.882872959078239e-01
-1.696607379973694e-01
3.903104283516824e-02
1.435029631856852e-01
-5.708227395077485e-02
-4.997003026100313e-01
-9.423183312692875e-01
-1.142903568405747e+00
-1.038431648055230e+00
-8.297398672226926e-01
-6.111133093122381e-01
-4.024215284797004e-01
-2.979496081291836e-01
-4.985348452656435e-01
-9.411528739249000e-01
-1.383770902584155e+00
-1.584356139720615e+00
-1.479884219370098e+00
-1.271192438537561e+00
-8.053938019999305e-01
-5.967020211673930e-01
-4.922301008168756e-01
-6.928153379533359e-01
-1.135433366612592e+00
-1.578051395271848e+00
-1.778636632408308e+00
-1.674164712057791e+00
-1.465472931225254e+00
-6.693610406074004e-01
-4.606692597748629e-01
-3.561973394243458e-01
-5.567825765608060e-01
-9.994006052200622e-01
-1.442018633879318e+00
-1.642603871015778e+00
-1.538131950665261e+00
-1.329440169832724e+00
-3.380253972621073e-01
-1.293336164295696e-01
-2.486169607905261e-02
-2.254469332155126e-01
-6.680649618747689e-01
-1.110682990534025e+00
-1.311268227670485e+00
-1.206796307319968e+00
-9.981045264874306e-01
3.300395646126622e-01
5.387313454451996e-01
6.432032657957165e-01
4.426180286592564e-01
2.111581292582797e-16
-4.426180286592559e-01
-6.432032657957161e-01
-5.387313454451991e-01
-3.300395646126613e-01
6.613752079579551e-01
8.700669887904927e-01
9.745389091410096e-01
7.739536720045495e-01
3.313356433452933e-01
-1.112823853139630e-01
-3.118676224504229e-01
-2.073957020999059e-01
1.296078732631801e-03
7.974079693504847e-01
1.006099750183022e+00
1.110571670533540e+00
9.099864333970795e-01
4.673684047378232e-01
2.475037607856686e-02
-1.758348610578930e-01
-7.136294070737596e-02
1.373288401251617e-01
6.031274766627921e-01
8.118192574953298e-01
9.162911778458470e-01
7.157059407093871e-01
2.730879120501308e-01
-1.695301166091256e-01
-3.701153537455856e-01
-2.656434333950685e-01
-5.695165256253070e-02
1.616749053479238e-01
3.703666861804615e-01
4.748386065309783e-01
2.742533693945183e-01
-1.683646592647380e-01
-6.109826879239940e-01
-8.115679250604541e-01
-7.070960047099371e-01
-4.984042238773995e-01
-2.797776659669448e-01
-7.108588513440722e-02
3.338603521610971e-02
-1.671992019203503e-01
-6.098172305796068e-01
-1.052435259238862e+00
-1.253020496375323e+00
-1.148548576024805e+00
-9.398567951922681e-01
-4.740581586546371e-01
-2.653663778220995e-01
-1.608944574715826e-01
-3.614796946080425e-01
-8.040977232672991e-01
-1.246715751926555e+00
-1.447300989063015e+00
-1.342829068712498e+00
-1.134137287879961e+00
-3.380253972621073e-01
-1.293336164295696e-01
-2.486169607905261e-02
-2.254469332155126e-01
-6.680649618747689e-01
-1.110682990534025e+00
-1.311268227670485e+00
-1.206796307319968e+00
-9.981045264874304e-01
-6.689753916813996e-03
2.020020269157236e-01
3.064739472662406e-01
1.058887101297805e-01
-3.367293185294756e-01
-7.793473471887313e-01
-9.799325843251917e-01
-8.754606639746750e-01
-6.667688831421373e-01
