6.672990301394790e-01
8.770176427984888e-01
9.825017169949802e-01
7.817080293802986e-01
3.378562443813820e-01
-1.059955406175345e-01
-3.067892282322162e-01
-2.013051540357250e-01
8.413458623285261e-03
9.993338509929772e-01
1.209052463651988e+00
1.314536537848478e+00
1.113742850233797e+00
6.698910652348798e-01
2.260392802359640e-01
2.524559262128232e-02
1.307296668177732e-01
3.404482794767834e-01
1.135866054644470e+00
1.345584667303483e+00
1.451068741499975e+00
1.250275053885291e+00
8.064232688863737e-01
3.625714838874576e-01
1.617777962727762e-01
2.672618704692672e-01
4.769804831282777e-01
9.411391119580109e-01
1.150857724617022e+00
1.256341798813512e+00
1.055548111198829e+00
6.116963261999125e-01
1.678445412009961e-01
-3.294914641368552e-02
7.253492778280536e-02
2.822535404418159e-01
4.983709079487880e-01
7.080895206077988e-01
8.135735948042900e-01
6.127799071896073e-01
1.689281221906909e-01
-2.749236628082250e-01
-4.757173504229072e-01
-3.702332762264166e-01
-1.605146635674061e-01
5.560270393956652e-02
2.653213165985772e-01
3.708053907950680e-01
1.700117031803858e-01
-2.738400818185312e-01
-7.176918668174470e-01
-9.184855544321284e-01
-8.130014802356373e-01
-6.032828675766282e-01
-1.391242387468952e-01
7.059437391211539e-02
1.760784481086063e-01
-2.471523950607570e-02
-4.685670245049920e-01
-9.124188095039094e-01
-1.113212497118590e+00
-1.007728422922100e+00
-7.980098102630891e-01
-2.592035095401374e-03
2.071265775636091e-01
3.126106517601004e-01
1.118169641454180e-01
-3.320348208534985e-01
-7.758866058524146e-01
-9.766802934670965e-01
-8.711962192706055e-01
-6.614776066115950e-01
3.294427857580967e-01
5.391613984171066e-01
6.446454726135988e-01
4.438517849989165e-01
7.121166773656937e-17
-4.438517849989162e-01
-6.446454726135982e-01
-5.391613984171061e-01
-3.294427857580962e-01
9.993338509929772e-01
1.209052463651988e+00
1.314536537848478e+00
1.113742850233797e+00
6.698910652348798e-01
2.260392802359640e-01
2.524559262128234e-02
1.307296668177733e-01
3.404482794767834e-01
1.331368671846476e+00
1.541087284505487e+00
1.646571358701977e+00
1.445777671087296e+00
1.001925886088380e+00
5.580741010894620e-01
3.572804134747814e-01
4.627644876712722e-01
6.724831003302829e-01
1.467900875497971e+00
1.677619488156982e+00
1.783103562353473e+00
1.582309874738790e+00
1.138458089739874e+00
6.946063047409572e-01
4.938126171262751e-01
5.992966913227663e-01
8.090153039817763e-01
1.273173932811510e+00
1.482892545470523e+00
1.588376619667011e+00
1.387582932052329e+00
9.437311470534117e-01
4.998793620544948e-01
2.990856744398136e-01
4.045697486363040e-01
6.142883612953147e-01
8.304057288022880e-01
1.040124341461298e+00
1.145608415657789e+00
9.448147280431063e-01
5.009629430441899e-01
5.711115804527311e-02
-1.436825295694085e-01
-3.819845537291772e-02
1.715201572860929e-01
3.876375247930652e-01
5.973561374520763e-01
7.028402116485665e-01
5.020465240338844e-01
5.819473903496773e-02
-3.856570459639487e-01
-5.864507335786299e-01
-4.809666593821393e-01
-2.712480467231287e-01
1.929105821066034e-01
4.026291947656139e-01
5.081132689621055e-01
3.073195813474224e-01
-1.365322036514939e-01
-5.803839886504101e-01
-7.811776762650915e-01
-6.756936020685999e-01
-4.659749894095905e-01
3.294427857580966e-01
5.391613984171068e-01
6.446454726135986e-01
4.438517849989165e-01
3.203292148211581e-17
-4.438517849989164e-01
-6.446454726135983e-01
-5.391613984171062e-01
-3.294427857580963e-01
6.614776066115954e-01
8.711962192706059e-01
9.766802934670968e-01
7.758866058524148e-01
3.320348208534986e-01
-1.118169641454179e-01
-3.126106517601000e-01
-2.071265775636086e-01
2.592035095401894e-03
1.135866054644470e+00
1.345584667303483e+00
1.451068741499975e+00
1.250275053885291e+00
8.064232688863737e-01
3.625714838874576e-01
1.617777962727762e-01
2.672618704692672e-01
4.769804831282777e-01
1.467900875497971e+00
1.677619488156982e+00
1.783103562353473e+00
1.582309874738790e+00
1.138458089739874e+00
6.946063047409572e-01
4.938126171262751e-01
5.992966913227663e-01
8.090153039817763e-01
1.604433079149464e+00
1.814151691808476e+00
1.919635766004968e+00
1.718842078390284e+00
1.274990293391367e+00
8.311385083924501e-01
6.303448207777682e-01
7.358288949742593e-01
9.455475076332700e-01
1.409706136463002e+00
1.619424749122013e+00
1.724908823318505e+00
1.524115135703822e+00
1.080263350704906e+00
6.364115657059874e-01
4.356178780913068e-01
5.411019522877973e-01
7.508205649468092e-01
9.669379324537809e-01
1.176656545112793e+00
1.282140619309282e+00
1.081346931694600e+00
6.374951466956833e-01
1.936433616967665e-01
-7.150325917914945e-03
9.833374827857576e-02
3.080523609375865e-01
5.241697284445587e-01
7.338883411035690e-01
8.393724153000599e-01
6.385787276853780e-01
1.947269426864615e-01
-2.491248423124550e-01
-4.499185299271363e-01
-3.444344557306454e-01
-1.347158430716348e-01
3.294427857580964e-01
5.391613984171065e-01
6.446454726135983e-01
4.438517849989165e-01
-2.272778609244825e-17
-4.438517849989165e-01
-6.446454726135983e-01
-5.391613984171064e-01
-3.294427857580963e-01
4.659749894095909e-01
6.756936020686003e-01
7.811776762650916e-01
5.803839886504102e-01
1.365322036514939e-01
-3.073195813474224e-01
-5.081132689621054e-01
-4.026291947656138e-01
-1.929105821066030e-01
7.980098102630894e-01
1.007728422922100e+00
1.113212497118591e+00
9.124188095039094e-01
4.685670245049920e-01
2.471523950607580e-02
-1.760784481086061e-01
-7.059437391211501e-02
1.391242387468956e-01
9.411391119580108e-01
1.150857724617022e+00
1.256341798813512e+00
1.055548111198829e+00
6.116963261999125e-01
1.678445412009961e-01
-3.294914641368550e-02
7.253492778280539e-02
2.822535404418159e-01
1.273173932811510e+00
1.482892545470523e+00
1.588376619667011e+00
1.387582932052329e+00
9.437311470534119e-01
4.998793620544950e-01
2.990856744398137e-01
4.045697486363040e-01
6.142883612953147e-01
1.409706136463002e+00
1.619424749122013e+00
1.724908823318505e+00
1.524115135703822e+00
1.080263350704906e+00
6.364115657059874e-01
4.356178780913068e-01
5.411019522877973e-01
7.508205649468092e-01
1.214979193776540e+00
1.424697806435551e+00
1.530181880632042e+00
1.329388193017361e+00
8.855364080184446e-01
4.416846230195269e-01
2.408909354048453e-01
3.463750096013364e-01
5.560936222603486e-01
7.722109897673176e-01
9.819296024263290e-01
1.087413676622821e+00
8.866199890081392e-01
4.427682040092223e-01
-1.083580989694749e-03
-2.018772686043769e-01
-9.639319440788546e-02
1.133254182511257e-01
3.294427857580962e-01
5.391613984171066e-01
6.446454726135987e-01
4.438517849989165e-01
-1.015254053939063e-16
-4.438517849989166e-01
-6.446454726135987e-01
-5.391613984171066e-01
-3.294427857580960e-01
1.347158430716350e-01
3.444344557306456e-01
4.499185299271364e-01
2.491248423124549e-01
-1.947269426864617e-01
-6.385787276853782e-01
-8.393724153000599e-01
-7.338883411035690e-01
-5.241697284445587e-01
2.712480467231290e-01
4.809666593821397e-01
5.864507335786300e-01
3.856570459639487e-01
-5.819473903496779e-02
-5.020465240338844e-01
-7.028402116485665e-01
-5.973561374520763e-01
-3.876375247930652e-01
6.032828675766286e-01
8.130014802356376e-01
9.184855544321286e-01
7.176918668174470e-01
2.738400818185312e-01
-1.700117031803858e-01
-3.708053907950679e-01
-2.653213165985769e-01
-5.560270393956621e-02
4.983709079487880e-01
7.080895206077988e-01
8.135735948042900e-01
6.127799071896073e-01
1.689281221906909e-01
-2.749236628082250e-01
-4.757173504229072e-01
-3.702332762264166e-01
-1.605146635674061e-01
8.304057288022882e-01
1.040124341461298e+00
1.145608415657789e+00
9.448147280431064e-01
5.009629430441899e-01
5.711115804527312e-02
-1.436825295694085e-01
-3.819845537291773e-02
1.715201572860929e-01
9.669379324537809e-01
1.176656545112793e+00
1.282140619309282e+00
1.081346931694600e+00
6.374951466956833e-01
1.936433616967666e-01
-7.150325917914915e-03
9.833374827857576e-02
3.080523609375865e-01
7.722109897673176e-01
9.819296024263290e-01
1.087413676622821e+00
8.866199890081392e-01
4.427682040092223e-01
-1.083580989694743e-03
-2.018772686043769e-01
-9.639319440788546e-02
1.133254182511257e-01
3.294427857580957e-01
5.391613984171065e-01
6.446454726135991e-01
4.438517849989165e-01
-1.658844549361512e-16
-4.438517849989168e-01
-6.446454726135993e-01
-5.391613984171065e-01
-3.294427857580958e-01
-1.133254182511257e-01
9.639319440788544e-02
2.018772686043767e-01
1.083580989694480e-03
-4.427682040092226e-01
-8.866199890081395e-01
-1.087413676622821e+00
-9.819296024263290e-01
-7.722109897673175e-01
-3.080523609375864e-01
-9.833374827857568e-02
7.150325917914929e-03
-1.936433616967667e-01
-6.374951466956834e-01
-1.081346931694600e+00
-1.282140619309282e+00
-1.176656545112793e+00
-9.669379324537808e-01
-1.715201572860925e-01
3.819845537291794e-02
1.436825295694086e-01
-5.711115804527313e-02
-5.009629430441899e-01
-9.448147280431064e-01
-1.145608415657789e+00
-1.040124341461298e+00
-8.304057288022880e-01
1.605146635674065e-01
3.702332762264168e-01
4.757173504229073e-01
2.749236628082250e-01
-1.689281221906909e-01
-6.127799071896073e-01
-8.135735948042900e-01
-7.080895206077987e-01
-4.983709079487875e-01
5.560270393956652e-02
2.653213165985772e-01
3.708053907950680e-01
1.700117031803858e-01
-2.738400818185312e-01
-7.176918668174470e-01
-9.184855544321284e-01
-8.130014802356373e-01
-6.032828675766280e-01
3.876375247930653e-01
5.973561374520763e-01
7.028402116485665e-01
5.020465240338844e-01
5.819473903496773e-02
-3.856570459639487e-01
-5.864507335786299e-01
-4.809666593821394e-01
-2.712480467231287e-01
5.241697284445587e-01
7.338883411035690e-01
8.393724153000599e-01
6.385787276853780e-01
1.947269426864615e-01
-2.491248423124550e-01
-4.499185299271363e-01
-3.444344557306454e-01
-1.347158430716348e-01
3.294427857580962e-01
5.391613984171066e-01
6.446454726135986e-01
4.438517849989165e-01
-1.068522278423719e-16
-4.438517849989166e-01
-6.446454726135987e-01
-5.391613984171065e-01
-3.294427857580960e-01
-1.133254182511257e-01
9.639319440788544e-02
2.018772686043767e-01
1.083580989694470e-03
-4.427682040092226e-01
-8.866199890081395e-01
-1.087413676622821e+00
-9.819296024263288e-01
-7.722109897673175e-01
-5.560936222603485e-01
-3.463750096013364e-01
-2.408909354048455e-01
-4.416846230195275e-01
-8.855364080184448e-01
-1.329388193017361e+00
-1.530181880632042e+00
-1.424697806435551e+00
-1.214979193776540e+00
-7.508205649468089e-01
-5.411019522877973e-01
-4.356178780913068e-01
-6.364115657059878e-01
-1.080263350704906e+00
-1.524115135703822e+00
-1.724908823318505e+00
-1.619424749122013e+00
-1.409706136463002e+00
-6.142883612953141e-01
-4.045697486363037e-01
-2.990856744398135e-01
-4.998793620544948e-01
-9.437311470534121e-01
-1.387582932052329e+00
-1.588376619667011e+00
-1.482892545470523e+00
-1.273173932811509e+00
-2.822535404418154e-01
-7.253492778280485e-02
3.294914641368577e-02
-1.678445412009961e-01
-6.116963261999124e-01
-1.055548111198829e+00
-1.256341798813512e+00
-1.150857724617022e+00
-9.411391119580105e-01
-1.391242387468952e-01
7.059437391211539e-02
1.760784481086063e-01
-2.471523950607568e-02
-4.685670245049920e-01
-9.124188095039094e-01
-1.113212497118590e+00
-1.007728422922100e+00
-7.980098102630891e-01
1.929105821066034e-01
4.026291947656139e-01
5.081132689621055e-01
3.073195813474224e-01
-1.365322036514939e-01
-5.803839886504101e-01
-7.811776762650915e-01
-6.756936020685999e-01
-4.659749894095905e-01
3.294427857580964e-01
5.391613984171065e-01
6.446454726135983e-01
4.438517849989164e-01
-4.448710108729235e-17
-4.438517849989165e-01
-6.446454726135983e-01
-5.391613984171064e-01
-3.294427857580963e-01
1.347158430716350e-01
3.444344557306456e-01
4.499185299271363e-01
2.491248423124548e-01
-1.947269426864617e-01
-6.385787276853782e-01
-8.393724153000599e-01
-7.338883411035690e-01
-5.241697284445586e-01
-3.080523609375864e-01
-9.833374827857568e-02
7.150325917914896e-03
-1.936433616967667e-01
-6.374951466956834e-01
-1.081346931694600e+00
-1.282140619309282e+00
-1.176656545112793e+00
-9.669379324537806e-01
-7.508205649468089e-01
-5.411019522877973e-01
-4.356178780913068e-01
-6.364115657059878e-01
-1.080263350704906e+00
-1.524115135703822e+00
-1.724908823318505e+00
-1.619424749122013e+00
-1.409706136463002e+00
-9.455475076332699e-01
-7.358288949742591e-01
-6.303448207777682e-01
-8.311385083924501e-01
-1.274990293391367e+00
-1.718842078390284e+00
-1.919635766004968e+00
-1.814151691808476e+00
-1.604433079149464e+00
-8.090153039817752e-01
-5.992966913227659e-01
-4.938126171262749e-01
-6.946063047409571e-01
-1.138458089739874e+00
-1.582309874738790e+00
-1.783103562353473e+00
-1.677619488156982e+00
-1.467900875497971e+00
-4.769804831282765e-01
-2.672618704692664e-01
-1.617777962727758e-01
-3.625714838874575e-01
-8.064232688863737e-01
-1.250275053885291e+00
-1.451068741499974e+00
-1.345584667303483e+00
-1.135866054644470e+00
-2.592035095401374e-03
2.071265775636091e-01
3.126106517601003e-01
1.118169641454180e-01
-3.320348208534985e-01
-7.758866058524146e-01
-9.766802934670965e-01
-8.711962192706055e-01
-6.614776066115950e-01
3.294427857580966e-01
5.391613984171066e-01
6.446454726135984e-01
4.438517849989165e-01
2.317739621970137e-17
-4.438517849989164e-01
-6.446454726135983e-01
-5.391613984171062e-01
-3.294427857580963e-01
4.659749894095909e-01
6.756936020686003e-01
7.811776762650916e-01
5.803839886504101e-01
1.365322036514939e-01
-3.073195813474224e-01
-5.081132689621054e-01
-4.026291947656138e-01
-1.929105821066030e-01
2.712480467231289e-01
4.809666593821396e-01
5.864507335786300e-01
3.856570459639487e-01
-5.819473903496781e-02
-5.020465240338845e-01
-7.028402116485666e-01
-5.973561374520763e-01
-3.876375247930652e-01
-1.715201572860925e-01
3.819845537291792e-02
1.436825295694086e-01
-5.711115804527317e-02
-5.009629430441899e-01
-9.448147280431064e-01
-1.145608415657789e+00
-1.040124341461298e+00
-8.304057288022878e-01
-6.142883612953141e-01
-4.045697486363037e-01
-2.990856744398135e-01
-4.998793620544950e-01
-9.437311470534121e-01
-1.387582932052329e+00
-1.588376619667011e+00
-1.482892545470523e+00
-1.273173932811509e+00
-8.090153039817755e-01
-5.992966913227659e-01
-4.938126171262749e-01
-6.946063047409572e-01
-1.138458089739874e+00
-1.582309874738791e+00
-1.783103562353473e+00
-1.677619488156982e+00
-1.467900875497971e+00
-6.724831003302824e-01
-4.627644876712715e-01
-3.572804134747811e-01
-5.580741010894619e-01
-1.001925886088380e+00
-1.445777671087296e+00
-1.646571358701977e+00
-1.541087284505485e+00
-1.331368671846475e+00
-3.404482794767831e-01
-1.307296668177726e-01
-2.524559262128194e-02
-2.260392802359638e-01
-6.698910652348797e-01
-1.113742850233796e+00
-1.314536537848478e+00
-1.209052463651987e+00
-9.993338509929766e-01
3.294427857580967e-01
5.391613984171066e-01
6.446454726135988e-01
4.438517849989165e-01
6.671711913800707e-17
-4.438517849989162e-01
-6.446454726135982e-01
-5.391613984171061e-01
-3.294427857580962e-01
6.614776066115954e-01
8.711962192706061e-01
9.766802934670969e-01
7.758866058524146e-01
3.320348208534986e-01
-1.118169641454179e-01
-3.126106517601001e-01
-2.071265775636086e-01
2.592035095401889e-03
7.980098102630894e-01
1.007728422922100e+00
1.113212497118591e+00
9.124188095039094e-01
4.685670245049921e-01
2.471523950607580e-02
-1.760784481086061e-01
-7.059437391211501e-02
1.391242387468956e-01
6.032828675766287e-01
8.130014802356376e-01
9.184855544321285e-01
7.176918668174470e-01
2.738400818185312e-01
-1.700117031803858e-01
-3.708053907950679e-01
-2.653213165985769e-01
-5.560270393956619e-02
1.605146635674065e-01
3.702332762264168e-01
4.757173504229073e-01
2.749236628082250e-01
-1.689281221906909e-01
-6.127799071896073e-01
-8.135735948042900e-01
-7.080895206077988e-01
-4.983709079487877e-01
-2.822535404418154e-01
-7.253492778280485e-02
3.294914641368577e-02
-1.678445412009961e-01
-6.116963261999127e-01
-1.055548111198829e+00
-1.256341798813512e+00
-1.150857724617022e+00
-9.411391119580106e-01
-4.769804831282765e-01
-2.672618704692664e-01
-1.617777962727758e-01
-3.625714838874576e-01
-8.064232688863737e-01
-1.250275053885291e+00
-1.451068741499974e+00
-1.345584667303483e+00
-1.135866054644470e+00
-3.404482794767831e-01
-1.307296668177726e-01
-2.524559262128193e-02
-2.260392802359638e-01
-6.698910652348797e-01
-1.113742850233796e+00
-1.314536537848478e+00
-1.209052463651987e+00
-9.993338509929766e-01
-8.413458623284574e-03
2.013051540357256e-01
3.067892282322167e-01
1.059955406175348e-01
-3.378562443813819e-01
-7.817080293802985e-01
-9.825017169949793e-01
-8.770176427984879e-01
-6.672990301394783e-01
