5.005229108312641e-01
8.139637017262168e-01
9.548383289625922e-01
7.354703575053754e-01
2.466328426548132e-01
-2.422046721957490e-01
-4.615726436529656e-01
-3.206980164165900e-01
-7.257225521637267e-03
8.993978765473016e-01
1.212838667442254e+00
1.353713294678630e+00
1.134345323221413e+00
6.455078083708505e-01
1.566702935202884e-01
-6.269767793692817e-02
7.817694929944738e-02
3.916177401944001e-01
1.069981289242546e+00
1.383422080137499e+00
1.524296707373874e+00
1.304928735916657e+00
8.160912210660952e-01
3.272537062155331e-01
1.078857347583164e-01
2.487603619946920e-01
5.622011528896447e-01
8.612732589316257e-01
1.174714049826578e+00
1.315588677062954e+00
1.096220705605737e+00
6.073831907551748e-01
1.185456759046127e-01
-1.008222955526040e-01
4.005233168377158e-02
3.534931225787243e-01
3.772064895038573e-01
6.906472803988100e-01
8.315219076351855e-01
6.121539361779686e-01
1.233164213274065e-01
-3.655210935231556e-01
-5.848890649803723e-01
-4.440144377439967e-01
-1.305736468490440e-01
-1.068602799239109e-01
2.065805109710417e-01
3.474551382074172e-01
1.280871667502005e-01
-3.607503481003617e-01
-8.495878629509239e-01
-1.068955834408140e+00
-9.280812071717650e-01
-6.146404162768123e-01
-3.155683102348312e-01
-2.127519339878474e-03
1.387471078964970e-01
-8.062086356071982e-02
-5.694583784112821e-01
-1.058295893261844e+00
-1.277663864719061e+00
-1.136789237482685e+00
-8.233484465877325e-01
-1.449848975395865e-01
1.684558933553662e-01
3.093305205917417e-01
8.996254913452489e-02
-3.988749657160373e-01
-8.877124805665996e-01
-1.107080452023816e+00
-9.662058247874407e-01
-6.527650338924877e-01
2.538900681764510e-01
5.673308590714037e-01
7.082054863077791e-01
4.888375148505624e-01
1.388596059081866e-16
-4.888375148505620e-01
-7.082054863077787e-01
-5.673308590714031e-01
-2.538900681764503e-01
8.993978765473015e-01
1.212838667442254e+00
1.353713294678630e+00
1.134345323221413e+00
6.455078083708505e-01
1.566702935202885e-01
-6.269767793692817e-02
7.817694929944737e-02
3.916177401944000e-01
1.298272842263339e+00
1.611713633158292e+00
1.752588260394667e+00
1.533220288937450e+00
1.044382774086888e+00
5.555452592363259e-01
3.361772877791093e-01
4.770519150154848e-01
7.904927059104374e-01
1.468856254958584e+00
1.782297045853536e+00
1.923171673089912e+00
1.703803701632695e+00
1.214966186782132e+00
7.261286719315704e-01
5.067607004743538e-01
6.476353277107294e-01
9.610761186056822e-01
1.260148224647663e+00
1.573589015542616e+00
1.714463642778991e+00
1.495095671321774e+00
1.006258156471212e+00
5.174206416206502e-01
2.980526701634334e-01
4.389272973998090e-01
7.523680882947618e-01
7.760814552198947e-01
1.089522246114847e+00
1.230396873351223e+00
1.011028901894006e+00
5.221913870434439e-01
3.335387219288179e-02
-1.860140992643349e-01
-4.513947202795932e-02
2.683013188669934e-01
2.920146857921265e-01
6.054554766870792e-01
7.463301039234546e-01
5.269621324662378e-01
3.812461761567567e-02
-4.507128972348865e-01
-6.700808686921031e-01
-5.292062414557275e-01
-2.157654505607748e-01
8.330665548120622e-02
3.967474463761590e-01
5.376220736125344e-01
3.182541021553176e-01
-1.705834126952446e-01
-6.594209275458067e-01
-8.787888990030234e-01
-7.379142717666480e-01
-4.244734808716951e-01
2.538900681764509e-01
5.673308590714037e-01
7.082054863077791e-01
4.888375148505623e-01
8.833472444223196e-17
-4.888375148505620e-01
-7.082054863077787e-01
-5.673308590714031e-01
-2.538900681764504e-01
6.527650338924884e-01
9.662058247874410e-01
1.107080452023816e+00
8.877124805665997e-01
3.988749657160375e-01
-8.996254913452463e-02
-3.093305205917413e-01
-1.684558933553657e-01
1.449848975395870e-01
1.069981289242546e+00
1.383422080137499e+00
1.524296707373874e+00
1.304928735916657e+00
8.160912210660952e-01
3.272537062155331e-01
1.078857347583164e-01
2.487603619946919e-01
5.622011528896447e-01
1.468856254958584e+00
1.782297045853536e+00
1.923171673089912e+00
1.703803701632695e+00
1.214966186782132e+00
7.261286719315704e-01
5.067607004743538e-01
6.476353277107294e-01
9.610761186056820e-01
1.639439667653828e+00
1.952880458548780e+00
2.093755085785157e+00
1.874387114327939e+00
1.385549599477377e+00
8.967120846268151e-01
6.773441131695984e-01
8.182187404059740e-01
1.131659531300927e+00
1.430731637342908e+00
1.744172428237860e+00
1.885047055474235e+00
1.665679084017019e+00
1.176841569166457e+00
6.880040543158945e-01
4.686360828586780e-01
6.095107100950535e-01
9.229515009900062e-01
9.466648679151393e-01
1.260105658810092e+00
1.400980286046468e+00
1.181612314589251e+00
6.927747997386884e-01
2.039372848881263e-01
-1.543068656909037e-02
1.254439406672853e-01
4.388847315622380e-01
4.625980984873711e-01
7.760388893823237e-01
9.169135166186992e-01
6.975455451614825e-01
2.087080303109202e-01
-2.801294845396419e-01
-4.994974559968586e-01
-3.586228287604830e-01
-4.518203786553025e-02
2.538900681764508e-01
5.673308590714035e-01
7.082054863077790e-01
4.888375148505622e-01
-6.911659337390186e-17
-4.888375148505621e-01
-7.082054863077789e-01
-5.673308590714032e-01
-2.538900681764505e-01
4.244734808716956e-01
7.379142717666483e-01
8.787888990030236e-01
6.594209275458069e-01
1.705834126952446e-01
-3.182541021553175e-01
-5.376220736125341e-01
-3.967474463761586e-01
-8.330665548120586e-02
8.233484465877329e-01
1.136789237482686e+00
1.277663864719061e+00
1.058295893261844e+00
5.694583784112821e-01
8.062086356071996e-02
-1.387471078964967e-01
2.127519339878862e-03
3.155683102348316e-01
8.612732589316257e-01
1.174714049826578e+00
1.315588677062954e+00
1.096220705605737e+00
6.073831907551748e-01
1.185456759046126e-01
-1.008222955526040e-01
4.005233168377159e-02
3.534931225787243e-01
1.260148224647663e+00
1.573589015542616e+00
1.714463642778991e+00
1.495095671321774e+00
1.006258156471212e+00
5.174206416206502e-01
2.980526701634334e-01
4.389272973998090e-01
7.523680882947618e-01
1.430731637342908e+00
1.744172428237860e+00
1.885047055474235e+00
1.665679084017019e+00
1.176841569166457e+00
6.880040543158947e-01
4.686360828586780e-01
6.095107100950535e-01
9.229515009900062e-01
1.222023607031987e+00
1.535464397926940e+00
1.676339025163315e+00
1.456971053706098e+00
9.681335388555364e-01
4.792960240049743e-01
2.599280525477576e-01
4.008026797841332e-01
7.142434706790860e-01
7.379568376042189e-01
1.051397628499172e+00
1.192272255735547e+00
9.729042842783303e-01
4.840667694277682e-01
-4.770745422794053e-03
-2.241387168800107e-01
-8.326408964363512e-02
2.301767012513176e-01
2.538900681764506e-01
5.673308590714033e-01
7.082054863077787e-01
4.888375148505620e-01
-1.627916610766494e-16
-4.888375148505623e-01
-7.082054863077789e-01
-5.673308590714033e-01
-2.538900681764507e-01
4.518203786553043e-02
3.586228287604831e-01
4.994974559968586e-01
2.801294845396418e-01
-2.087080303109205e-01
-6.975455451614826e-01
-9.169135166186992e-01
-7.760388893823237e-01
-4.625980984873710e-01
2.157654505607751e-01
5.292062414557278e-01
6.700808686921033e-01
4.507128972348865e-01
-3.812461761567570e-02
-5.269621324662378e-01
-7.463301039234546e-01
-6.054554766870790e-01
-2.920146857921262e-01
6.146404162768125e-01
9.280812071717653e-01
1.068955834408141e+00
8.495878629509240e-01
3.607503481003617e-01
-1.280871667502004e-01
-3.474551382074171e-01
-2.065805109710415e-01
1.068602799239112e-01
3.772064895038573e-01
6.906472803988100e-01
8.315219076351855e-01
6.121539361779686e-01
1.233164213274065e-01
-3.655210935231556e-01
-5.848890649803724e-01
-4.440144377439967e-01
-1.305736468490440e-01
7.760814552198947e-01
1.089522246114847e+00
1.230396873351223e+00
1.011028901894006e+00
5.221913870434439e-01
3.335387219288172e-02
-1.860140992643348e-01
-4.513947202795933e-02
2.683013188669934e-01
9.466648679151393e-01
1.260105658810092e+00
1.400980286046468e+00
1.181612314589251e+00
6.927747997386884e-01
2.039372848881263e-01
-1.543068656909034e-02
1.254439406672853e-01
4.388847315622380e-01
7.379568376042189e-01
1.051397628499172e+00
1.192272255735547e+00
9.729042842783303e-01
4.840667694277682e-01
-4.770745422794055e-03
-2.241387168800107e-01
-8.326408964363514e-02
2.301767012513176e-01
2.538900681764505e-01
5.673308590714033e-01
7.082054863077787e-01
4.888375148505620e-01
-2.431064701268790e-16
-4.888375148505623e-01
-7.082054863077790e-01
-5.673308590714033e-01
-2.538900681764507e-01
-2.301767012513176e-01
8.326408964363508e-02
2.241387168800105e-01
4.770745422793739e-03
-4.840667694277684e-01
-9.729042842783306e-01
-1.192272255735547e+00
-1.051397628499172e+00
-7.379568376042189e-01
-4.388847315622379e-01
-1.254439406672852e-01
1.543068656909025e-02
-2.039372848881265e-01
-6.927747997386887e-01
-1.181612314589251e+00
-1.400980286046468e+00
-1.260105658810092e+00
-9.466648679151392e-01
-2.683013188669932e-01
4.513947202795952e-02
1.860140992643349e-01
-3.335387219288183e-02
-5.221913870434440e-01
-1.011028901894006e+00
-1.230396873351223e+00
-1.089522246114847e+00
-7.760814552198945e-01
1.305736468490443e-01
4.440144377439970e-01
5.848890649803724e-01
3.655210935231556e-01
-1.233164213274066e-01
-6.121539361779688e-01
-8.315219076351854e-01
-6.906472803988100e-01
-3.772064895038571e-01
-1.068602799239109e-01
2.065805109710417e-01
3.474551382074172e-01
1.280871667502004e-01
-3.607503481003618e-01
-8.495878629509239e-01
-1.068955834408140e+00
-9.280812071717650e-01
-6.146404162768123e-01
2.920146857921265e-01
6.054554766870791e-01
7.463301039234547e-01
5.269621324662378e-01
3.812461761567562e-02
-4.507128972348865e-01
-6.700808686921031e-01
-5.292062414557276e-01
-2.157654505607748e-01
4.625980984873711e-01
7.760388893823237e-01
9.169135166186992e-01
6.975455451614825e-01
2.087080303109202e-01
-2.801294845396419e-01
-4.994974559968585e-01
-3.586228287604830e-01
-4.518203786553025e-02
2.538900681764507e-01
5.673308590714033e-01
7.082054863077787e-01
4.888375148505620e-01
-1.489138732688350e-16
-4.888375148505623e-01
-7.082054863077790e-01
-5.673308590714033e-01
-2.538900681764506e-01
-2.301767012513176e-01
8.326408964363509e-02
2.241387168800105e-01
4.770745422793769e-03
-4.840667694277684e-01
-9.729042842783305e-01
-1.192272255735547e+00
-1.051397628499172e+00
-7.379568376042189e-01
-7.142434706790859e-01
-4.008026797841332e-01
-2.599280525477577e-01
-4.792960240049745e-01
-9.681335388555365e-01
-1.456971053706099e+00
-1.676339025163315e+00
-1.535464397926940e+00
-1.222023607031987e+00
-9.229515009900061e-01
-6.095107100950534e-01
-4.686360828586780e-01
-6.880040543158948e-01
-1.176841569166457e+00
-1.665679084017019e+00
-1.885047055474236e+00
-1.744172428237860e+00
-1.430731637342907e+00
-7.523680882947614e-01
-4.389272973998087e-01
-2.980526701634333e-01
-5.174206416206500e-01
-1.006258156471212e+00
-1.495095671321774e+00
-1.714463642778991e+00
-1.573589015542615e+00
-1.260148224647663e+00
-3.534931225787241e-01
-4.005233168377130e-02
1.008222955526041e-01
-1.185456759046126e-01
-6.073831907551748e-01
-1.096220705605737e+00
-1.315588677062953e+00
-1.174714049826578e+00
-8.612732589316252e-01
-3.155683102348312e-01
-2.127519339878474e-03
1.387471078964969e-01
-8.062086356071982e-02
-5.694583784112820e-01
-1.058295893261844e+00
-1.277663864719061e+00
-1.136789237482685e+00
-8.233484465877325e-01
8.330665548120625e-02
3.967474463761590e-01
5.376220736125344e-01
3.182541021553176e-01
-1.705834126952446e-01
-6.594209275458067e-01
-8.787888990030234e-01
-7.379142717666478e-01
-4.244734808716951e-01
2.538900681764508e-01
5.673308590714036e-01
7.082054863077790e-01
4.888375148505622e-01
-3.976246711488136e-17
-4.888375148505621e-01
-7.082054863077789e-01
-5.673308590714033e-01
-2.538900681764505e-01
4.518203786553044e-02
3.586228287604831e-01
4.994974559968586e-01
2.801294845396418e-01
-2.087080303109204e-01
-6.975455451614826e-01
-9.169135166186992e-01
-7.760388893823237e-01
-4.625980984873710e-01
-4.388847315622378e-01
-1.254439406672852e-01
1.543068656909026e-02
-2.039372848881265e-01
-6.927747997386887e-01
-1.181612314589251e+00
-1.400980286046468e+00
-1.260105658810092e+00
-9.466648679151392e-01
-9.229515009900061e-01
-6.095107100950534e-01
-4.686360828586780e-01
-6.880040543158947e-01
-1.176841569166457e+00
-1.665679084017019e+00
-1.885047055474236e+00
-1.744172428237860e+00
-1.430731637342907e+00
-1.131659531300926e+00
-8.182187404059736e-01
-6.773441131695983e-01
-8.967120846268151e-01
-1.385549599477377e+00
-1.874387114327939e+00
-2.093755085785156e+00
-1.952880458548780e+00
-1.639439667653827e+00
-9.610761186056818e-01
-6.476353277107290e-01
-5.067607004743535e-01
-7.261286719315704e-01
-1.214966186782132e+00
-1.703803701632695e+00
-1.923171673089911e+00
-1.782297045853535e+00
-1.468856254958583e+00
-5.622011528896442e-01
-2.487603619946916e-01
-1.078857347583161e-01
-3.272537062155329e-01
-8.160912210660951e-01
-1.304928735916657e+00
-1.524296707373874e+00
-1.383422080137498e+00
-1.069981289242546e+00
-1.449848975395865e-01
1.684558933553662e-01
3.093305205917417e-01
8.996254913452489e-02
-3.988749657160373e-01
-8.877124805665996e-01
-1.107080452023816e+00
-9.662058247874407e-01
-6.527650338924877e-01
2.538900681764509e-01
5.673308590714037e-01
7.082054863077790e-01
4.888375148505623e-01
9.527361834613919e-17
-4.888375148505620e-01
-7.082054863077789e-01
-5.673308590714031e-01
-2.538900681764504e-01
4.244734808716955e-01
7.379142717666483e-01
8.787888990030237e-01
6.594209275458069e-01
1.705834126952447e-01
-3.182541021553175e-01
-5.376220736125341e-01
-3.967474463761587e-01
-8.330665548120586e-02
2.157654505607751e-01
5.292062414557278e-01
6.700808686921033e-01
4.507128972348865e-01
-3.812461761567571e-02
-5.269621324662379e-01
-7.463301039234548e-01
-6.054554766870790e-01
-2.920146857921262e-01
-2.683013188669932e-01
4.513947202795952e-02
1.860140992643349e-01
-3.335387219288180e-02
-5.221913870434440e-01
-1.011028901894006e+00
-1.230396873351223e+00
-1.089522246114847e+00
-7.760814552198945e-01
-7.523680882947614e-01
-4.389272973998087e-01
-2.980526701634333e-01
-5.174206416206502e-01
-1.006258156471212e+00
-1.495095671321774e+00
-1.714463642778991e+00
-1.573589015542615e+00
-1.260148224647663e+00
-9.610761186056817e-01
-6.476353277107290e-01
-5.067607004743536e-01
-7.261286719315704e-01
-1.214966186782133e+00
-1.703803701632695e+00
-1.923171673089911e+00
-1.782297045853535e+00
-1.468856254958583e+00
-7.904927059104371e-01
-4.770519150154844e-01
-3.361772877791089e-01
-5.555452592363257e-01
-1.044382774086888e+00
-1.533220288937450e+00
-1.752588260394667e+00
-1.611713633158291e+00
-1.298272842263338e+00
-3.916177401943996e-01
-7.817694929944689e-02
6.269767793692854e-02
-1.566702935202882e-01
-6.455078083708504e-01
-1.134345323221412e+00
-1.353713294678629e+00
-1.212838667442254e+00
-8.993978765473009e-01
2.538900681764510e-01
5.673308590714037e-01
7.082054863077791e-01
4.888375148505623e-01
1.249818181003721e-16
-4.888375148505620e-01
-7.082054863077787e-01
-5.673308590714031e-01
-2.538900681764504e-01
6.527650338924884e-01
9.662058247874410e-01
1.107080452023817e+00
8.877124805665997e-01
3.988749657160375e-01
-8.996254913452463e-02
-3.093305205917413e-01
-1.684558933553657e-01
1.449848975395870e-01
8.233484465877329e-01
1.136789237482686e+00
1.277663864719061e+00
1.058295893261844e+00
5.694583784112821e-01
8.062086356071994e-02
-1.387471078964967e-01
2.127519339878835e-03
3.155683102348316e-01
6.146404162768125e-01
9.280812071717653e-01
1.068955834408140e+00
8.495878629509239e-01
3.607503481003617e-01
-1.280871667502004e-01
-3.474551382074171e-01
-2.065805109710415e-01
1.068602799239112e-01
1.305736468490443e-01
4.440144377439969e-01
5.848890649803724e-01
3.655210935231556e-01
-1.233164213274066e-01
-6.121539361779688e-01
-8.315219076351854e-01
-6.906472803988098e-01
-3.772064895038571e-01
-3.534931225787240e-01
-4.005233168377130e-02
1.008222955526041e-01
-1.185456759046126e-01
-6.073831907551748e-01
-1.096220705605737e+00
-1.315588677062953e+00
-1.174714049826578e+00
-8.612732589316253e-01
-5.622011528896442e-01
-2.487603619946916e-01
-1.078857347583161e-01
-3.272537062155330e-01
-8.160912210660952e-01
-1.304928735916657e+00
-1.524296707373874e+00
-1.383422080137498e+00
-1.069981289242546e+00
-3.916177401943996e-01
-7.817694929944691e-02
6.269767793692853e-02
-1.566702935202882e-01
-6.455078083708503e-01
-1.134345323221412e+00
-1.353713294678629e+00
-1.212838667442254e+00
-8.993978765473009e-01
7.257225521637899e-03
3.206980164165906e-01
4.615726436529660e-01
2.422046721957493e-01
-2.466328426548129e-01
-7.354703575053751e-01
-9.548383289625918e-01
-8.139637017262162e-01
-5.005229108312634e-01
