6.459123118722608e-01
8.692605764499790e-01
9.796443738941879e-01
7.761784768660316e-01
3.264730477849813e-01
-1.232323812960689e-01
-3.266982783242252e-01
-2.163144808800163e-01
7.033783697701973e-03
9.856713955537493e-01
1.209019660131467e+00
1.319403457575676e+00
1.115937560547520e+00
6.662321314664696e-01
2.165267023854195e-01
1.306080535726321e-02
1.234446028014721e-01
3.467928673791903e-01
1.127319708346126e+00
1.350667972923844e+00
1.461051770368053e+00
1.257585873339897e+00
8.078804442588466e-01
3.581750151777965e-01
1.547091181496402e-01
2.650929155938491e-01
4.884411801715673e-01
9.308173789661647e-01
1.154165643543883e+00
1.264549440988092e+00
1.061083543959935e+00
6.113781148788850e-01
1.616726857978348e-01
-4.179321123032147e-02
6.859058621388743e-02
2.919388507916058e-01
4.826757879797701e-01
7.060240525574885e-01
8.164078500016971e-01
6.129419529735409e-01
1.632365238924906e-01
-2.864689051885596e-01
-4.899348022167159e-01
-3.795510047725070e-01
-1.562027401947887e-01
3.453419699337578e-02
2.578824615710941e-01
3.682662590153028e-01
1.648003619871464e-01
-2.849050670939038e-01
-7.346104961749540e-01
-9.380763932031102e-01
-8.276925957589013e-01
-6.043443311811830e-01
-1.619681323865858e-01
6.138013219113246e-02
1.717639296353412e-01
-3.170196739281512e-02
-4.814073964738653e-01
-9.311128255549153e-01
-1.134578722583072e+00
-1.024194925138863e+00
-8.008466605611447e-01
-2.031981959420872e-02
2.030284449835095e-01
3.134122424277183e-01
1.099463453995619e-01
-3.397590836814883e-01
-7.894645127625385e-01
-9.929304097906948e-01
-8.825466123464858e-01
-6.591983477687676e-01
3.194392640872796e-01
5.427875286649979e-01
6.531713261092067e-01
4.497054290810504e-01
1.453513502006922e-16
-4.497054290810500e-01
-6.531713261092064e-01
-5.427875286649975e-01
-3.194392640872792e-01
9.856713955537494e-01
1.209019660131467e+00
1.319403457575676e+00
1.115937560547520e+00
6.662321314664698e-01
2.165267023854195e-01
1.306080535726322e-02
1.234446028014721e-01
3.467928673791904e-01
1.325430479235238e+00
1.548778743812956e+00
1.659162541257165e+00
1.455696644229008e+00
1.005991215147958e+00
5.562857860669079e-01
3.528198890387516e-01
4.632036864829605e-01
6.865519510606788e-01
1.467078792027614e+00
1.690427056605333e+00
1.800810854049542e+00
1.597344957021386e+00
1.147639527940335e+00
6.979340988592848e-01
4.944682018311286e-01
6.048519992753374e-01
8.282002638530557e-01
1.270576462647653e+00
1.493924727225371e+00
1.604308524669580e+00
1.400842627641424e+00
9.511371985603735e-01
5.014317694793232e-01
2.979658724511669e-01
4.083496698953759e-01
6.316979344730942e-01
8.224348716612586e-01
1.045783136238977e+00
1.156166933683186e+00
9.527010366550293e-01
5.029956075739790e-01
5.329017849292877e-02
-1.501757185352275e-01
-3.979192109101860e-02
1.835563434866997e-01
3.742932806748642e-01
5.976415452525825e-01
7.080253426967912e-01
5.045594456686349e-01
5.485401658758459e-02
-3.948514124934656e-01
-5.983173095216219e-01
-4.879335120774130e-01
-2.645852474996947e-01
1.777909512949026e-01
4.011392158726209e-01
5.115230133168297e-01
3.080571162886732e-01
-1.416483127923770e-01
-5.913537418734272e-01
-7.948196389015834e-01
-6.844358414573746e-01
-4.610875768796563e-01
3.194392640872796e-01
5.427875286649979e-01
6.531713261092067e-01
4.497054290810503e-01
9.360045345086145e-17
-4.497054290810501e-01
-6.531713261092064e-01
-5.427875286649975e-01
-3.194392640872792e-01
6.591983477687681e-01
8.825466123464863e-01
9.929304097906950e-01
7.894645127625388e-01
3.397590836814885e-01
-1.099463453995617e-01
-3.134122424277179e-01
-2.030284449835090e-01
2.031981959420921e-02
1.127319708346126e+00
1.350667972923844e+00
1.461051770368053e+00
1.257585873339897e+00
8.078804442588466e-01
3.581750151777965e-01
1.547091181496402e-01
2.650929155938491e-01
4.884411801715673e-01
1.467078792027614e+00
1.690427056605333e+00
1.800810854049542e+00
1.597344957021385e+00
1.147639527940335e+00
6.979340988592848e-01
4.944682018311286e-01
6.048519992753375e-01
8.282002638530557e-01
1.608727104819991e+00
1.832075369397710e+00
1.942459166841919e+00
1.738993269813763e+00
1.289287840732712e+00
8.395824116516618e-01
6.361165146235055e-01
7.465003120677144e-01
9.698485766454326e-01
1.412224775440030e+00
1.635573040017748e+00
1.745956837461957e+00
1.542490940433801e+00
1.092785511352750e+00
6.430800822717002e-01
4.396141852435439e-01
5.499979826877528e-01
7.733462472654712e-01
9.640831844536355e-01
1.187431449031354e+00
1.297815246475563e+00
1.094349349447406e+00
6.446439203663559e-01
1.949384912853057e-01
-8.527405742850545e-03
1.018563917013584e-01
3.252046562790767e-01
5.159415934672411e-01
7.392898580449594e-01
8.496736554891681e-01
6.462077584610117e-01
1.965023293799615e-01
-2.532030997010887e-01
-4.566689967292449e-01
-3.462851992850360e-01
-1.229369347073177e-01
3.194392640872796e-01
5.427875286649978e-01
6.531713261092066e-01
4.497054290810503e-01
-3.530661131841922e-17
-4.497054290810502e-01
-6.531713261092065e-01
-5.427875286649976e-01
-3.194392640872793e-01
4.610875768796567e-01
6.844358414573749e-01
7.948196389015837e-01
5.913537418734274e-01
1.416483127923771e-01
-3.080571162886732e-01
-5.115230133168295e-01
-4.011392158726206e-01
-1.777909512949023e-01
8.008466605611452e-01
1.024194925138863e+00
1.134578722583072e+00
9.311128255549157e-01
4.814073964738655e-01
3.170196739281528e-02
-1.717639296353410e-01
-6.138013219113211e-02
1.619681323865861e-01
9.308173789661646e-01
1.154165643543883e+00
1.264549440988092e+00
1.061083543959935e+00
6.113781148788850e-01
1.616726857978348e-01
-4.179321123032148e-02
6.859058621388742e-02
2.919388507916057e-01
1.270576462647653e+00
1.493924727225371e+00
1.604308524669580e+00
1.400842627641424e+00
9.511371985603735e-01
5.014317694793232e-01
2.979658724511669e-01
4.083496698953758e-01
6.316979344730942e-01
1.412224775440030e+00
1.635573040017748e+00
1.745956837461957e+00
1.542490940433801e+00
1.092785511352750e+00
6.430800822717002e-01
4.396141852435439e-01
5.499979826877528e-01
7.733462472654712e-01
1.215722446060068e+00
1.439070710637787e+00
1.549454508081995e+00
1.345988611053839e+00
8.962831819727886e-01
4.465777528917385e-01
2.431118558635823e-01
3.534956533077912e-01
5.768439178855095e-01
7.675808550736738e-01
9.909291196513921e-01
1.101312917095601e+00
8.978470200674444e-01
4.481415909863942e-01
-1.563838094655938e-03
-2.050297351228122e-01
-9.464593767860330e-02
1.287023268991150e-01
3.194392640872794e-01
5.427875286649977e-01
6.531713261092064e-01
4.497054290810501e-01
-1.499768543529898e-16
-4.497054290810503e-01
-6.531713261092067e-01
-5.427875286649977e-01
-3.194392640872794e-01
1.229369347073179e-01
3.462851992850361e-01
4.566689967292449e-01
2.532030997010886e-01
-1.965023293799617e-01
-6.462077584610117e-01
-8.496736554891683e-01
-7.392898580449594e-01
-5.159415934672411e-01
2.645852474996950e-01
4.879335120774132e-01
5.983173095216220e-01
3.948514124934657e-01
-5.485401658758462e-02
-5.045594456686349e-01
-7.080253426967911e-01
-5.976415452525823e-01
-3.742932806748639e-01
6.043443311811834e-01
8.276925957589016e-01
9.380763932031104e-01
7.346104961749540e-01
2.849050670939038e-01
-1.648003619871464e-01
-3.682662590153026e-01
-2.578824615710938e-01
-3.453419699337549e-02
4.826757879797701e-01
7.060240525574883e-01
8.164078500016971e-01
6.129419529735408e-01
1.632365238924906e-01
-2.864689051885596e-01
-4.899348022167159e-01
-3.795510047725070e-01
-1.562027401947887e-01
8.224348716612586e-01
1.045783136238977e+00
1.156166933683185e+00
9.527010366550293e-01
5.029956075739790e-01
5.329017849292876e-02
-1.501757185352275e-01
-3.979192109101862e-02
1.835563434866997e-01
9.640831844536355e-01
1.187431449031354e+00
1.297815246475563e+00
1.094349349447406e+00
6.446439203663559e-01
1.949384912853057e-01
-8.527405742850535e-03
1.018563917013584e-01
3.252046562790767e-01
7.675808550736738e-01
9.909291196513921e-01
1.101312917095601e+00
8.978470200674444e-01
4.481415909863943e-01
-1.563838094655932e-03
-2.050297351228122e-01
-9.464593767860328e-02
1.287023268991150e-01
3.194392640872794e-01
5.427875286649976e-01
6.531713261092064e-01
4.497054290810500e-01
-1.874360819082398e-16
-4.497054290810503e-01
-6.531713261092065e-01
-5.427875286649977e-01
-3.194392640872794e-01
-1.287023268991150e-01
9.464593767860327e-02
2.050297351228120e-01
1.563838094655659e-03
-4.481415909863945e-01
-8.978470200674447e-01
-1.101312917095601e+00
-9.909291196513921e-01
-7.675808550736739e-01
-3.252046562790765e-01
-1.018563917013583e-01
8.527405742850488e-03
-1.949384912853059e-01
-6.446439203663561e-01
-1.094349349447406e+00
-1.297815246475563e+00
-1.187431449031354e+00
-9.640831844536355e-01
-1.835563434866994e-01
3.979192109101878e-02
1.501757185352275e-01
-5.329017849292879e-02
-5.029956075739790e-01
-9.527010366550293e-01
-1.156166933683185e+00
-1.045783136238977e+00
-8.224348716612584e-01
1.562027401947890e-01
3.795510047725072e-01
4.899348022167160e-01
2.864689051885597e-01
-1.632365238924905e-01
-6.129419529735408e-01
-8.164078500016969e-01
-7.060240525574881e-01
-4.826757879797699e-01
3.453419699337577e-02
2.578824615710940e-01
3.682662590153028e-01
1.648003619871464e-01
-2.849050670939038e-01
-7.346104961749540e-01
-9.380763932031102e-01
-8.276925957589013e-01
-6.043443311811830e-01
3.742932806748642e-01
5.976415452525825e-01
7.080253426967913e-01
5.045594456686349e-01
5.485401658758460e-02
-3.948514124934656e-01
-5.983173095216218e-01
-4.879335120774130e-01
-2.645852474996947e-01
5.159415934672411e-01
7.392898580449594e-01
8.496736554891682e-01
6.462077584610117e-01
1.965023293799615e-01
-2.532030997010887e-01
-4.566689967292449e-01
-3.462851992850360e-01
-1.229369347073177e-01
3.194392640872794e-01
5.427875286649977e-01
6.531713261092065e-01
4.497054290810501e-01
-1.387365400771867e-16
-4.497054290810503e-01
-6.531713261092065e-01
-5.427875286649977e-01
-3.194392640872794e-01
-1.287023268991150e-01
9.464593767860327e-02
2.050297351228120e-01
1.563838094655658e-03
-4.481415909863945e-01
-8.978470200674447e-01
-1.101312917095601e+00
-9.909291196513922e-01
-7.675808550736739e-01
-5.768439178855093e-01
-3.534956533077911e-01
-2.431118558635824e-01
-4.465777528917387e-01
-8.962831819727889e-01
-1.345988611053839e+00
-1.549454508081995e+00
-1.439070710637787e+00
-1.215722446060068e+00
-7.733462472654709e-01
-5.499979826877527e-01
-4.396141852435439e-01
-6.430800822717002e-01
-1.092785511352750e+00
-1.542490940433801e+00
-1.745956837461957e+00
-1.635573040017748e+00
-1.412224775440030e+00
-6.316979344730940e-01
-4.083496698953757e-01
-2.979658724511668e-01
-5.014317694793232e-01
-9.511371985603735e-01
-1.400842627641424e+00
-1.604308524669580e+00
-1.493924727225371e+00
-1.270576462647653e+00
-2.919388507916054e-01
-6.859058621388717e-02
4.179321123032163e-02
-1.616726857978347e-01
-6.113781148788850e-01
-1.061083543959935e+00
-1.264549440988092e+00
-1.154165643543883e+00
-9.308173789661642e-01
-1.619681323865858e-01
6.138013219113245e-02
1.717639296353412e-01
-3.170196739281513e-02
-4.814073964738653e-01
-9.311128255549157e-01
-1.134578722583072e+00
-1.024194925138863e+00
-8.008466605611447e-01
1.777909512949026e-01
4.011392158726208e-01
5.115230133168296e-01
3.080571162886733e-01
-1.416483127923769e-01
-5.913537418734272e-01
-7.948196389015834e-01
-6.844358414573746e-01
-4.610875768796563e-01
3.194392640872796e-01
5.427875286649978e-01
6.531713261092066e-01
4.497054290810503e-01
-4.942741144850435e-18
-4.497054290810502e-01
-6.531713261092065e-01
-5.427875286649976e-01
-3.194392640872793e-01
1.229369347073179e-01
3.462851992850361e-01
4.566689967292449e-01
2.532030997010886e-01
-1.965023293799616e-01
-6.462077584610120e-01
-8.496736554891682e-01
-7.392898580449592e-01
-5.159415934672411e-01
-3.252046562790766e-01
-1.018563917013583e-01
8.527405742850490e-03
-1.949384912853059e-01
-6.446439203663561e-01
-1.094349349447406e+00
-1.297815246475563e+00
-1.187431449031354e+00
-9.640831844536355e-01
-7.733462472654709e-01
-5.499979826877527e-01
-4.396141852435439e-01
-6.430800822717002e-01
-1.092785511352750e+00
-1.542490940433801e+00
-1.745956837461957e+00
-1.635573040017748e+00
-1.412224775440030e+00
-9.698485766454326e-01
-7.465003120677143e-01
-6.361165146235055e-01
-8.395824116516617e-01
-1.289287840732712e+00
-1.738993269813762e+00
-1.942459166841918e+00
-1.832075369397709e+00
-1.608727104819991e+00
-8.282002638530556e-01
-6.048519992753372e-01
-4.944682018311283e-01
-6.979340988592846e-01
-1.147639527940335e+00
-1.597344957021385e+00
-1.800810854049542e+00
-1.690427056605333e+00
-1.467078792027614e+00
-4.884411801715670e-01
-2.650929155938487e-01
-1.547091181496399e-01
-3.581750151777963e-01
-8.078804442588465e-01
-1.257585873339897e+00
-1.461051770368053e+00
-1.350667972923844e+00
-1.127319708346126e+00
-2.031981959420872e-02
2.030284449835095e-01
3.134122424277183e-01
1.099463453995619e-01
-3.397590836814883e-01
-7.894645127625385e-01
-9.929304097906948e-01
-8.825466123464858e-01
-6.591983477687676e-01
3.194392640872796e-01
5.427875286649979e-01
6.531713261092067e-01
4.497054290810504e-01
1.034441243153676e-16
-4.497054290810501e-01
-6.531713261092064e-01
-5.427875286649975e-01
-3.194392640872792e-01
4.610875768796566e-01
6.844358414573748e-01
7.948196389015837e-01
5.913537418734274e-01
1.416483127923771e-01
-3.080571162886732e-01
-5.115230133168295e-01
-4.011392158726206e-01
-1.777909512949023e-01
2.645852474996949e-01
4.879335120774132e-01
5.983173095216221e-01
3.948514124934657e-01
-5.485401658758461e-02
-5.045594456686349e-01
-7.080253426967912e-01
-5.976415452525823e-01
-3.742932806748639e-01
-1.835563434866995e-01
3.979192109101876e-02
1.501757185352276e-01
-5.329017849292877e-02
-5.029956075739790e-01
-9.527010366550293e-01
-1.156166933683185e+00
-1.045783136238977e+00
-8.224348716612583e-01
-6.316979344730940e-01
-4.083496698953757e-01
-2.979658724511668e-01
-5.014317694793232e-01
-9.511371985603734e-01
-1.400842627641424e+00
-1.604308524669580e+00
-1.493924727225371e+00
-1.270576462647653e+00
-8.282002638530556e-01
-6.048519992753372e-01
-4.944682018311284e-01
-6.979340988592847e-01
-1.147639527940335e+00
-1.597344957021385e+00
-1.800810854049542e+00
-1.690427056605333e+00
-1.467078792027614e+00
-6.865519510606783e-01
-4.632036864829601e-01
-3.528198890387513e-01
-5.562857860669077e-01
-1.005991215147958e+00
-1.455696644229008e+00
-1.659162541257164e+00
-1.548778743812955e+00
-1.325430479235237e+00
-3.467928673791899e-01
-1.234446028014717e-01
-1.306080535726287e-02
-2.165267023854192e-01
-6.662321314664694e-01
-1.115937560547519e+00
-1.319403457575676e+00
-1.209019660131467e+00
-9.856713955537487e-01
3.194392640872796e-01
5.427875286649979e-01
6.531713261092067e-01
4.497054290810504e-01
1.319414696155375e-16
-4.497054290810500e-01
-6.531713261092064e-01
-5.427875286649975e-01
-3.194392640872792e-01
6.591983477687680e-01
8.825466123464863e-01
9.929304097906951e-01
7.894645127625388e-01
3.397590836814885e-01
-1.099463453995617e-01
-3.134122424277179e-01
-2.030284449835090e-01
2.031981959420920e-02
8.008466605611448e-01
1.024194925138863e+00
1.134578722583072e+00
9.311128255549157e-01
4.814073964738655e-01
3.170196739281528e-02
-1.717639296353410e-01
-6.138013219113210e-02
1.619681323865861e-01
6.043443311811834e-01
8.276925957589015e-01
9.380763932031105e-01
7.346104961749541e-01
2.849050670939038e-01
-1.648003619871464e-01
-3.682662590153026e-01
-2.578824615710937e-01
-3.453419699337548e-02
1.562027401947890e-01
3.795510047725071e-01
4.899348022167160e-01
2.864689051885597e-01
-1.632365238924906e-01
-6.129419529735407e-01
-8.164078500016971e-01
-7.060240525574881e-01
-4.826757879797698e-01
-2.919388507916054e-01
-6.859058621388718e-02
4.179321123032163e-02
-1.616726857978347e-01
-6.113781148788849e-01
-1.061083543959935e+00
-1.264549440988091e+00
-1.154165643543883e+00
-9.308173789661642e-01
-4.884411801715670e-01
-2.650929155938487e-01
-1.547091181496400e-01
-3.581750151777963e-01
-8.078804442588465e-01
-1.257585873339897e+00
-1.461051770368053e+00
-1.350667972923844e+00
-1.127319708346126e+00
-3.467928673791899e-01
-1.234446028014717e-01
-1.306080535726288e-02
-2.165267023854192e-01
-6.662321314664694e-01
-1.115937560547519e+00
-1.319403457575676e+00
-1.209019660131467e+00
-9.856713955537487e-01
-7.033783697701457e-03
2.163144808800168e-01
3.266982783242255e-01
1.232323812960692e-01
-3.264730477849810e-01
-7.761784768660311e-01
-9.796443738941876e-01
-8.692605764499788e-01
-6.459123118722604e-01
