6.673577047149136e-01
8.771897662476855e-01
9.827860095831470e-01
7.819693770469293e-01
3.379811194311170e-01
-1.060071381846840e-01
-3.068237707209203e-01
-2.012275273854576e-01
8.604534147306480e-03
9.994693501809865e-01
1.209301411713762e+00
1.314897655049217e+00
1.114081022512991e+00
6.700927648971821e-01
2.261045072813840e-01
2.528787474514526e-02
1.308841180806171e-01
3.407161796133805e-01
1.136056779862157e+00
1.345888841394925e+00
1.451485084730396e+00
1.250668452194172e+00
8.066801945783626e-01
3.626919369625543e-01
1.618753044263199e-01
2.674715477617929e-01
4.773036092945565e-01
9.412806941301698e-01
1.151112755662938e+00
1.256708998998396e+00
1.055892366462167e+00
6.119041088463547e-01
1.679158512305577e-01
-3.290078130567794e-02
7.269546202979425e-02
2.825275235625574e-01
4.983671449993626e-01
7.081992065321202e-01
8.137954498675852e-01
6.129788173313628e-01
1.689905597155572e-01
-2.749976979002419e-01
-4.758143304364836e-01
-3.702180871010158e-01
-1.603860255682528e-01
5.545359586855697e-02
2.652856574013201e-01
3.708819007367918e-01
1.700652682005538e-01
-2.739229894152442e-01
-7.179112470310463e-01
-9.187278795672885e-01
-8.131316362318199e-01
-6.032995746990598e-01
-1.393224898634431e-01
7.050957166932163e-02
1.761058150047931e-01
-2.471081753144362e-02
-4.686990751472412e-01
-9.126873327630363e-01
-1.113503965299289e+00
-1.007907721963812e+00
-7.980756604310438e-01
-2.735060182265702e-03
2.070970013504957e-01
3.126932446859650e-01
1.118766121497289e-01
-3.321116454660692e-01
-7.760999030818707e-01
-9.769165356181194e-01
-8.713202922826437e-01
-6.614882307498826e-01
3.293765852838091e-01
5.392086468165697e-01
6.448048901520336e-01
4.439882576157999e-01
1.305808515895831e-16
-4.439882576157994e-01
-6.448048901520335e-01
-5.392086468165693e-01
-3.293765852838088e-01
9.994693501809865e-01
1.209301411713762e+00
1.314897655049216e+00
1.114081022512991e+00
6.700927648971821e-01
2.261045072813840e-01
2.528787474514526e-02
1.308841180806171e-01
3.407161796133804e-01
1.331580995647071e+00
1.541413057179833e+00
1.647009300515307e+00
1.446192667979071e+00
1.002204410363240e+00
5.582161527474493e-01
3.573995202112167e-01
4.629957635466875e-01
6.728278250794499e-01
1.468168425328242e+00
1.678000486860990e+00
1.783596730196459e+00
1.582780097660235e+00
1.138791840044418e+00
6.948035824286211e-01
4.939869498923887e-01
5.995831932278599e-01
8.094152547606273e-01
1.273392339596256e+00
1.483224401129002e+00
1.588820644464470e+00
1.388004011928240e+00
9.440157543124258e-01
5.000274966966253e-01
2.992108641603917e-01
4.048071074958650e-01
6.146391690286311e-01
8.304787904654323e-01
1.040310851998200e+00
1.145907095333645e+00
9.450904627974347e-01
5.011022051816213e-01
5.711394756582737e-02
-1.437026849704109e-01
-3.810644163494072e-02
1.717256198978188e-01
3.875652413346278e-01
5.973973028673979e-01
7.029935462028654e-01
5.021769136666318e-01
5.818865605082606e-02
-3.857996015649720e-01
-5.866162341012069e-01
-4.810199907657407e-01
-2.711879292329850e-01
1.927891556026329e-01
4.026212171353957e-01
5.082174604708626e-01
3.074008279346293e-01
-1.365874296811727e-01
-5.805756872969721e-01
-7.813923198332118e-01
-6.757960764977456e-01
-4.659640149649831e-01
3.293765852838111e-01
5.392086468165704e-01
6.448048901520339e-01
4.439882576157984e-01
1.339533644035228e-16
-4.439882576157979e-01
-6.448048901520335e-01
-5.392086468165700e-01
-3.293765852838108e-01
6.614882307498829e-01
8.713202922826438e-01
9.769165356181194e-01
7.760999030818707e-01
3.321116454660694e-01
-1.118766121497285e-01
-3.126932446859644e-01
-2.070970013504949e-01
2.735060182266240e-03
1.136056779862157e+00
1.345888841394925e+00
1.451485084730396e+00
1.250668452194171e+00
8.066801945783626e-01
3.626919369625543e-01
1.618753044263198e-01
2.674715477617929e-01
4.773036092945563e-01
1.468168425328242e+00
1.678000486860989e+00
1.783596730196459e+00
1.582780097660235e+00
1.138791840044418e+00
6.948035824286211e-01
4.939869498923887e-01
5.995831932278599e-01
8.094152547606273e-01
1.604755855009396e+00
1.814587916542172e+00
1.920184159877612e+00
1.719367527341413e+00
1.275379269725588e+00
8.313910121097995e-01
6.305743795735684e-01
7.361706229090301e-01
9.460026844418005e-01
1.409979769277410e+00
1.619811830810161e+00
1.725408074145621e+00
1.524591441609408e+00
1.080603183993615e+00
6.366149263778005e-01
4.357982938415681e-01
5.413945371770446e-01
7.512265987098031e-01
9.670662201466053e-01
1.176898281679368e+00
1.282494525014830e+00
1.081677892478601e+00
6.376896348627982e-01
1.937013772470002e-01
-7.115255289236395e-03
9.848098804623201e-02
3.083130495789912e-01
5.241526710157964e-01
7.339847325485619e-01
8.395809758840413e-01
6.387643433478020e-01
1.947760857319991e-01
-2.492121718837964e-01
-4.500288044200372e-01
-3.444325610845682e-01
-1.346004995518126e-01
3.293765852838105e-01
5.392086468165688e-01
6.448048901520321e-01
4.439882576157961e-01
-1.630281978381502e-17
-4.439882576157961e-01
-6.448048901520319e-01
-5.392086468165685e-01
-3.293765852838101e-01
4.659640149649834e-01
6.757960764977461e-01
7.813923198332118e-01
5.805756872969721e-01
1.365874296811727e-01
-3.074008279346289e-01
-5.082174604708621e-01
-4.026212171353955e-01
-1.927891556026327e-01
7.980756604310439e-01
1.007907721963813e+00
1.113503965299289e+00
9.126873327630363e-01
4.686990751472412e-01
2.471081753144385e-02
-1.761058150047929e-01
-7.050957166932133e-02
1.393224898634436e-01
9.412806941301698e-01
1.151112755662938e+00
1.256708998998396e+00
1.055892366462167e+00
6.119041088463547e-01
1.679158512305578e-01
-3.290078130567795e-02
7.269546202979425e-02
2.825275235625574e-01
1.273392339596256e+00
1.483224401129002e+00
1.588820644464470e+00
1.388004011928240e+00
9.440157543124258e-01
5.000274966966253e-01
2.992108641603916e-01
4.048071074958650e-01
6.146391690286311e-01
1.409979769277410e+00
1.619811830810162e+00
1.725408074145621e+00
1.524591441609408e+00
1.080603183993615e+00
6.366149263778005e-01
4.357982938415681e-01
5.413945371770446e-01
7.512265987098031e-01
1.215203683545414e+00
1.425035745078179e+00
1.530631988413643e+00
1.329815355877402e+00
8.858270982616097e-01
4.418388406458039e-01
2.410222081095724e-01
3.466184514450397e-01
5.564505129778048e-01
7.722901344146119e-01
9.821221959473726e-01
1.087718439282841e+00
8.869018067465996e-01
4.429135491308038e-01
-1.074708484994464e-03
-2.018913410212297e-01
-9.629509768576366e-02
1.135369638469947e-01
3.293765852838108e-01
5.392086468165675e-01
6.448048901520301e-01
4.439882576157960e-01
-7.832662916465215e-17
-4.439882576157961e-01
-6.448048901520301e-01
-5.392086468165675e-01
-3.293765852838108e-01
1.346004995518127e-01
3.444325610845682e-01
4.500288044200371e-01
2.492121718837962e-01
-1.947760857319992e-01
-6.387643433478021e-01
-8.395809758840412e-01
-7.339847325485619e-01
-5.241526710157964e-01
2.711879292329853e-01
4.810199907657409e-01
5.866162341012070e-01
3.857996015649721e-01
-5.818865605082611e-02
-5.021769136666318e-01
-7.029935462028654e-01
-5.973973028673979e-01
-3.875652413346278e-01
6.032995746990600e-01
8.131316362318203e-01
9.187278795672889e-01
7.179112470310464e-01
2.739229894152441e-01
-1.700652682005537e-01
-3.708819007367918e-01
-2.652856574013197e-01
-5.545359586855655e-02
4.983671449993626e-01
7.081992065321202e-01
8.137954498675852e-01
6.129788173313628e-01
1.689905597155572e-01
-2.749976979002419e-01
-4.758143304364837e-01
-3.702180871010158e-01
-1.603860255682528e-01
8.304787904654323e-01
1.040310851998200e+00
1.145907095333645e+00
9.450904627974347e-01
5.011022051816213e-01
5.711394756582738e-02
-1.437026849704109e-01
-3.810644163494074e-02
1.717256198978188e-01
9.670662201466054e-01
1.176898281679368e+00
1.282494525014830e+00
1.081677892478601e+00
6.376896348627979e-01
1.937013772470002e-01
-7.115255289236396e-03
9.848098804623201e-02
3.083130495789912e-01
7.722901344146119e-01
9.821221959473727e-01
1.087718439282841e+00
8.869018067465996e-01
4.429135491308038e-01
-1.074708484994457e-03
-2.018913410212297e-01
-9.629509768576366e-02
1.135369638469947e-01
3.293765852838123e-01
5.392086468165678e-01
6.448048901520288e-01
4.439882576157952e-01
-1.018917958368664e-16
-4.439882576157955e-01
-6.448048901520292e-01
-5.392086468165680e-01
-3.293765852838124e-01
-1.135369638469947e-01
9.629509768576351e-02
2.018913410212293e-01
1.074708484994242e-03
-4.429135491308040e-01
-8.869018067465997e-01
-1.087718439282841e+00
-9.821221959473725e-01
-7.722901344146119e-01
-3.083130495789911e-01
-9.848098804623201e-02
7.115255289236263e-03
-1.937013772470004e-01
-6.376896348627986e-01
-1.081677892478601e+00
-1.282494525014830e+00
-1.176898281679368e+00
-9.670662201466051e-01
-1.717256198978187e-01
3.810644163494078e-02
1.437026849704109e-01
-5.711394756582745e-02
-5.011022051816214e-01
-9.450904627974347e-01
-1.145907095333645e+00
-1.040310851998200e+00
-8.304787904654320e-01
1.603860255682530e-01
3.702180871010159e-01
4.758143304364838e-01
2.749976979002419e-01
-1.689905597155572e-01
-6.129788173313628e-01
-8.137954498675850e-01
-7.081992065321200e-01
-4.983671449993621e-01
5.545359586855696e-02
2.652856574013201e-01
3.708819007367918e-01
1.700652682005538e-01
-2.739229894152442e-01
-7.179112470310464e-01
-9.187278795672887e-01
-8.131316362318202e-01
-6.032995746990599e-01
3.875652413346278e-01
5.973973028673981e-01
7.029935462028654e-01
5.021769136666318e-01
5.818865605082606e-02
-3.857996015649720e-01
-5.866162341012070e-01
-4.810199907657409e-01
-2.711879292329852e-01
5.241526710157964e-01
7.339847325485621e-01
8.395809758840412e-01
6.387643433478021e-01
1.947760857319991e-01
-2.492121718837964e-01
-4.500288044200372e-01
-3.444325610845682e-01
-1.346004995518126e-01
3.293765852838108e-01
5.392086468165675e-01
6.448048901520301e-01
4.439882576157960e-01
-6.506442447206899e-17
-4.439882576157961e-01
-6.448048901520302e-01
-5.392086468165675e-01
-3.293765852838108e-01
-1.135369638469947e-01
9.629509768576350e-02
2.018913410212292e-01
1.074708484994240e-03
-4.429135491308039e-01
-8.869018067465996e-01
-1.087718439282841e+00
-9.821221959473726e-01
-7.722901344146119e-01
-5.564505129778048e-01
-3.466184514450398e-01
-2.410222081095725e-01
-4.418388406458041e-01
-8.858270982616100e-01
-1.329815355877402e+00
-1.530631988413643e+00
-1.425035745078179e+00
-1.215203683545414e+00
-7.512265987098029e-01
-5.413945371770444e-01
-4.357982938415683e-01
-6.366149263778008e-01
-1.080603183993615e+00
-1.524591441609408e+00
-1.725408074145621e+00
-1.619811830810161e+00
-1.409979769277410e+00
-6.146391690286310e-01
-4.048071074958650e-01
-2.992108641603916e-01
-5.000274966966254e-01
-9.440157543124260e-01
-1.388004011928240e+00
-1.588820644464470e+00
-1.483224401129002e+00
-1.273392339596256e+00
-2.825275235625573e-01
-7.269546202979410e-02
3.290078130567807e-02
-1.679158512305577e-01
-6.119041088463547e-01
-1.055892366462167e+00
-1.256708998998396e+00
-1.151112755662937e+00
-9.412806941301698e-01
-1.393224898634431e-01
7.050957166932163e-02
1.761058150047931e-01
-2.471081753144363e-02
-4.686990751472412e-01
-9.126873327630363e-01
-1.113503965299289e+00
-1.007907721963813e+00
-7.980756604310439e-01
1.927891556026329e-01
4.026212171353957e-01
5.082174604708626e-01
3.074008279346293e-01
-1.365874296811727e-01
-5.805756872969721e-01
-7.813923198332118e-01
-6.757960764977461e-01
-4.659640149649832e-01
3.293765852838105e-01
5.392086468165688e-01
6.448048901520322e-01
4.439882576157961e-01
-1.411375085282344e-17
-4.439882576157961e-01
-6.448048901520319e-01
-5.392086468165688e-01
-3.293765852838101e-01
1.346004995518127e-01
3.444325610845682e-01
4.500288044200372e-01
2.492121718837963e-01
-1.947760857319992e-01
-6.387643433478021e-01
-8.395809758840412e-01
-7.339847325485619e-01
-5.241526710157964e-01
-3.083130495789911e-01
-9.848098804623201e-02
7.115255289236270e-03
-1.937013772470004e-01
-6.376896348627986e-01
-1.081677892478601e+00
-1.282494525014830e+00
-1.176898281679368e+00
-9.670662201466053e-01
-7.512265987098029e-01
-5.413945371770444e-01
-4.357982938415683e-01
-6.366149263778008e-01
-1.080603183993615e+00
-1.524591441609408e+00
-1.725408074145621e+00
-1.619811830810161e+00
-1.409979769277410e+00
-9.460026844418002e-01
-7.361706229090299e-01
-6.305743795735685e-01
-8.313910121097995e-01
-1.275379269725588e+00
-1.719367527341413e+00
-1.920184159877612e+00
-1.814587916542171e+00
-1.604755855009395e+00
-8.094152547606269e-01
-5.995831932278599e-01
-4.939869498923886e-01
-6.948035824286211e-01
-1.138791840044418e+00
-1.582780097660235e+00
-1.783596730196459e+00
-1.678000486860989e+00
-1.468168425328242e+00
-4.773036092945557e-01
-2.674715477617926e-01
-1.618753044263195e-01
-3.626919369625542e-01
-8.066801945783626e-01
-1.250668452194171e+00
-1.451485084730396e+00
-1.345888841394924e+00
-1.136056779862157e+00
-2.735060182265701e-03
2.070970013504957e-01
3.126932446859650e-01
1.118766121497289e-01
-3.321116454660692e-01
-7.760999030818707e-01
-9.769165356181194e-01
-8.713202922826437e-01
-6.614882307498826e-01
3.293765852838111e-01
5.392086468165704e-01
6.448048901520339e-01
4.439882576157984e-01
1.144744348619396e-16
-4.439882576157980e-01
-6.448048901520336e-01
-5.392086468165702e-01
-3.293765852838108e-01
4.659640149649834e-01
6.757960764977461e-01
7.813923198332120e-01
5.805756872969722e-01
1.365874296811727e-01
-3.074008279346289e-01
-5.082174604708621e-01
-4.026212171353955e-01
-1.927891556026327e-01
2.711879292329854e-01
4.810199907657410e-01
5.866162341012070e-01
3.857996015649720e-01
-5.818865605082613e-02
-5.021769136666318e-01
-7.029935462028654e-01
-5.973973028673979e-01
-3.875652413346278e-01
-1.717256198978187e-01
3.810644163494080e-02
1.437026849704109e-01
-5.711394756582745e-02
-5.011022051816215e-01
-9.450904627974351e-01
-1.145907095333645e+00
-1.040310851998200e+00
-8.304787904654320e-01
-6.146391690286309e-01
-4.048071074958648e-01
-2.992108641603916e-01
-5.000274966966253e-01
-9.440157543124260e-01
-1.388004011928240e+00
-1.588820644464470e+00
-1.483224401129002e+00
-1.273392339596256e+00
-8.094152547606269e-01
-5.995831932278597e-01
-4.939869498923886e-01
-6.948035824286209e-01
-1.138791840044418e+00
-1.582780097660235e+00
-1.783596730196458e+00
-1.678000486860989e+00
-1.468168425328242e+00
-6.728278250794496e-01
-4.629957635466870e-01
-3.573995202112162e-01
-5.582161527474492e-01
-1.002204410363239e+00
-1.446192667979071e+00
-1.647009300515307e+00
-1.541413057179833e+00
-1.331580995647071e+00
-3.407161796133800e-01
-1.308841180806164e-01
-2.528787474514481e-02
-2.261045072813836e-01
-6.700927648971817e-01
-1.114081022512991e+00
-1.314897655049216e+00
-1.209301411713762e+00
-9.994693501809863e-01
3.293765852838090e-01
5.392086468165698e-01
6.448048901520336e-01
4.439882576157999e-01
1.326492206060027e-16
-4.439882576157994e-01
-6.448048901520335e-01
-5.392086468165693e-01
-3.293765852838088e-01
6.614882307498831e-01
8.713202922826440e-01
9.769165356181194e-01
7.760999030818708e-01
3.321116454660694e-01
-1.118766121497285e-01
-3.126932446859645e-01
-2.070970013504950e-01
2.735060182266266e-03
7.980756604310439e-01
1.007907721963813e+00
1.113503965299290e+00
9.126873327630368e-01
4.686990751472412e-01
2.471081753144379e-02
-1.761058150047929e-01
-7.050957166932133e-02
1.393224898634436e-01
6.032995746990600e-01
8.131316362318203e-01
9.187278795672889e-01
7.179112470310464e-01
2.739229894152440e-01
-1.700652682005538e-01
-3.708819007367918e-01
-2.652856574013197e-01
-5.545359586855660e-02
1.603860255682530e-01
3.702180871010159e-01
4.758143304364837e-01
2.749976979002419e-01
-1.689905597155572e-01
-6.129788173313629e-01
-8.137954498675852e-01
-7.081992065321200e-01
-4.983671449993621e-01
-2.825275235625573e-01
-7.269546202979410e-02
3.290078130567808e-02
-1.679158512305577e-01
-6.119041088463547e-01
-1.055892366462167e+00
-1.256708998998396e+00
-1.151112755662937e+00
-9.412806941301697e-01
-4.773036092945557e-01
-2.674715477617926e-01
-1.618753044263195e-01
-3.626919369625542e-01
-8.066801945783626e-01
-1.250668452194171e+00
-1.451485084730396e+00
-1.345888841394924e+00
-1.136056779862157e+00
-3.407161796133801e-01
-1.308841180806164e-01
-2.528787474514481e-02
-2.261045072813836e-01
-6.700927648971819e-01
-1.114081022512991e+00
-1.314897655049217e+00
-1.209301411713762e+00
-9.994693501809863e-01
-8.604534147305901e-03
2.012275273854582e-01
3.068237707209207e-01
1.060071381846844e-01
-3.379811194311166e-01
-7.819693770469290e-01
-9.827860095831469e-01
-8.771897662476852e-01
-6.673577047149133e-01
