6.673523640400600e-01
8.771741428965312e-01
9.827602095162860e-01
7.819456559242052e-01
3.379697773111140e-01
-1.060061013019748e-01
-3.068206548940563e-01
-2.012345882742983e-01
8.587190582167680e-03
9.994570499788854e-01
1.209278828835352e+00
1.314864895455105e+00
1.114050341863024e+00
6.700744632499352e-01
2.260985846368432e-01
2.528403104476292e-02
1.308700976645207e-01
3.406918765209858e-01
1.136039472261751e+00
1.345861251118216e+00
1.451447317737979e+00
1.250632764145893e+00
8.066568855328053e-01
3.626810069197141e-01
1.618664533276346e-01
2.674525199473928e-01
4.772742988038592e-01
9.412678419190712e-01
1.151089620775538e+00
1.256675687395291e+00
1.055861133803209e+00
6.118852551901248e-01
1.679093765770319e-01
-3.290517701504758e-02
7.268088960471120e-02
2.825026684611751e-01
4.983674753845052e-01
7.081892542409705e-01
8.137753208607280e-01
6.129607672686485e-01
1.689848886555570e-01
-2.749909899575342e-01
-4.758055435496142e-01
-3.702194769298554e-01
-1.603976980733895e-01
5.546710884993830e-02
2.652888877064041e-01
3.708749543261630e-01
1.700604007340821e-01
-2.739154778790087e-01
-7.178913564921001e-01
-9.187059100841789e-01
-8.131198434644209e-01
-6.032980646079562e-01
-1.393045214927434e-01
7.051725736372305e-02
1.761033239834818e-01
-2.471122960859898e-02
-4.686871082216894e-01
-9.126629868347830e-01
-1.113477540426858e+00
-1.007891473807103e+00
-7.980696949506366e-01
-2.722099209872325e-03
2.070996796465944e-01
3.126857462663516e-01
1.118711926742711e-01
-3.321046859388190e-01
-7.760805645519074e-01
-9.768951181439836e-01
-8.713090515242317e-01
-6.614872726677645e-01
3.293825867289467e-01
5.392043655854147e-01
6.447904322051722e-01
4.439758786130896e-01
8.430960552103021e-17
-4.439758786130892e-01
-6.447904322051715e-01
-5.392043655854137e-01
-3.293825867289463e-01
9.994570499788854e-01
1.209278828835352e+00
1.314864895455105e+00
1.114050341863024e+00
6.700744632499352e-01
2.260985846368432e-01
2.528403104476292e-02
1.308700976645207e-01
3.406918765209858e-01
1.331561735917701e+00
1.541383514774169e+00
1.646969581393928e+00
1.446155027801849e+00
1.002179149188758e+00
5.582032705756605e-01
3.573887169835820e-01
4.629747836033405e-01
6.727965624598047e-01
1.468144158200571e+00
1.677965937057042e+00
1.783552003676801e+00
1.582737450084708e+00
1.138761571471625e+00
6.947856928585342e-01
4.939711392664527e-01
5.995572058862128e-01
8.093789847426779e-01
1.273372527857893e+00
1.483194306714358e+00
1.588780373334119e+00
1.387965819742035e+00
9.439899411289455e-01
5.000140625158519e-01
2.991995089237720e-01
4.047855755435310e-01
6.146073543999941e-01
8.304721613233239e-01
1.040293940179788e+00
1.145880006799546e+00
9.450654532074644e-01
5.010895745943786e-01
5.711369598128607e-02
-1.437008576107937e-01
-3.811479099103503e-02
1.717069878654313e-01
3.875717947887570e-01
5.973935736452223e-01
7.029796402649816e-01
5.021650866729004e-01
5.818920805981087e-02
-3.857866705532796e-01
-5.866012241453581e-01
-4.810151575256003e-01
-2.711933786691343e-01
1.928001644460768e-01
4.026219433025418e-01
5.082080099222989e-01
3.073934563302189e-01
-1.365824222828706e-01
-5.805583008959605e-01
-7.813728544880419e-01
-6.757867878682801e-01
-4.659650090118151e-01
3.293825867289463e-01
5.392043655854133e-01
6.447904322051722e-01
4.439758786130891e-01
3.219426367579604e-17
-4.439758786130891e-01
-6.447904322051717e-01
-5.392043655854124e-01
-3.293825867289459e-01
6.614872726677650e-01
8.713090515242320e-01
9.768951181439844e-01
7.760805645519080e-01
3.321046859388191e-01
-1.118711926742708e-01
-3.126857462663511e-01
-2.070996796465935e-01
2.722099209872863e-03
1.136039472261751e+00
1.345861251118216e+00
1.451447317737979e+00
1.250632764145893e+00
8.066568855328053e-01
3.626810069197141e-01
1.618664533276346e-01
2.674525199473928e-01
4.772742988038592e-01
1.468144158200571e+00
1.677965937057042e+00
1.783552003676801e+00
1.582737450084708e+00
1.138761571471625e+00
6.947856928585342e-01
4.939711392664528e-01
5.995572058862129e-01
8.093789847426779e-01
1.604726580483437e+00
1.814548359339908e+00
1.920134425959672e+00
1.719319872367589e+00
1.275343993754496e+00
8.313681151414043e-01
6.305535615493237e-01
7.361396281690806e-01
9.459614070255427e-01
1.409954950140755e+00
1.619776728997230e+00
1.725362795616989e+00
1.524548242024909e+00
1.080572363411812e+00
6.365964847987233e-01
4.357819312066434e-01
5.413679978263993e-01
7.511897766828672e-01
9.670545836061936e-01
1.176876362462659e+00
1.282462429082422e+00
1.081647875490339e+00
6.376719968772473e-01
1.936961182641570e-01
-7.118435327923902e-03
9.846763129183454e-02
3.082894101483018e-01
5.241542170716278e-01
7.339759959280947e-01
8.395620625478525e-01
6.387475089557698e-01
1.947716303426810e-01
-2.492042482704091e-01
-4.500188018624905e-01
-3.444327352427321e-01
-1.346109563862646e-01
3.293825867289463e-01
5.392043655854136e-01
6.447904322051732e-01
4.439758786130895e-01
-5.954852131805172e-17
-4.439758786130895e-01
-6.447904322051730e-01
-5.392043655854133e-01
-3.293825867289461e-01
4.659650090118156e-01
6.757867878682808e-01
7.813728544880425e-01
5.805583008959605e-01
1.365824222828706e-01
-3.073934563302189e-01
-5.082080099222989e-01
-4.026219433025413e-01
-1.928001644460763e-01
7.980696949506368e-01
1.007891473807103e+00
1.113477540426858e+00
9.126629868347830e-01
4.686871082216894e-01
2.471122960859914e-02
-1.761033239834816e-01
-7.051725736372261e-02
1.393045214927439e-01
9.412678419190712e-01
1.151089620775538e+00
1.256675687395291e+00
1.055861133803209e+00
6.118852551901248e-01
1.679093765770319e-01
-3.290517701504758e-02
7.268088960471120e-02
2.825026684611751e-01
1.273372527857892e+00
1.483194306714358e+00
1.588780373334119e+00
1.387965819742035e+00
9.439899411289454e-01
5.000140625158520e-01
2.991995089237720e-01
4.047855755435310e-01
6.146073543999941e-01
1.409954950140755e+00
1.619776728997230e+00
1.725362795616989e+00
1.524548242024909e+00
1.080572363411812e+00
6.365964847987233e-01
4.357819312066434e-01
5.413679978263993e-01
7.511897766828672e-01
1.215183319798072e+00
1.425005098654547e+00
1.530591165274304e+00
1.329776611682224e+00
8.858007330691319e-01
4.418248544560423e-01
2.410103008639609e-01
3.465963674837179e-01
5.564181463401868e-01
7.722829532635135e-01
9.821047321199797e-01
1.087690798739740e+00
8.868762451476545e-01
4.429003665345658e-01
-1.075512078524297e-03
-2.018900656706058e-01
-9.630399905084783e-02
1.135177798056193e-01
3.293825867289462e-01
5.392043655854143e-01
6.447904322051734e-01
4.439758786130895e-01
-1.232465335247601e-16
-4.439758786130897e-01
-6.447904322051734e-01
-5.392043655854143e-01
-3.293825867289462e-01
1.346109563862646e-01
3.444327352427322e-01
4.500188018624905e-01
2.492042482704090e-01
-1.947716303426811e-01
-6.387475089557699e-01
-8.395620625478525e-01
-7.339759959280947e-01
-5.241542170716276e-01
2.711933786691343e-01
4.810151575256004e-01
5.866012241453582e-01
3.857866705532796e-01
-5.818920805981097e-02
-5.021650866729005e-01
-7.029796402649814e-01
-5.973935736452219e-01
-3.875717947887569e-01
6.032980646079562e-01
8.131198434644211e-01
9.187059100841790e-01
7.178913564921001e-01
2.739154778790087e-01
-1.700604007340821e-01
-3.708749543261627e-01
-2.652888877064038e-01
-5.546710884993801e-02
4.983674753845052e-01
7.081892542409705e-01
8.137753208607280e-01
6.129607672686485e-01
1.689848886555570e-01
-2.749909899575342e-01
-4.758055435496142e-01
-3.702194769298554e-01
-1.603976980733895e-01
8.304721613233239e-01
1.040293940179788e+00
1.145880006799546e+00
9.450654532074644e-01
5.010895745943788e-01
5.711369598128613e-02
-1.437008576107936e-01
-3.811479099103503e-02
1.717069878654313e-01
9.670545836061936e-01
1.176876362462659e+00
1.282462429082422e+00
1.081647875490339e+00
6.376719968772474e-01
1.936961182641570e-01
-7.118435327923885e-03
9.846763129183457e-02
3.082894101483018e-01
7.722829532635135e-01
9.821047321199797e-01
1.087690798739740e+00
8.868762451476545e-01
4.429003665345658e-01
-1.075512078524297e-03
-2.018900656706058e-01
-9.630399905084781e-02
1.135177798056193e-01
3.293825867289462e-01
5.392043655854147e-01
6.447904322051740e-01
4.439758786130896e-01
-1.319426663347929e-16
-4.439758786130899e-01
-6.447904322051740e-01
-5.392043655854147e-01
-3.293825867289463e-01
-1.135177798056195e-01
9.630399905084765e-02
2.018900656706056e-01
1.075512078524051e-03
-4.429003665345659e-01
-8.868762451476548e-01
-1.087690798739740e+00
-9.821047321199797e-01
-7.722829532635136e-01
-3.082894101483019e-01
-9.846763129183456e-02
7.118435327923844e-03
-1.936961182641570e-01
-6.376719968772474e-01
-1.081647875490339e+00
-1.282462429082422e+00
-1.176876362462659e+00
-9.670545836061936e-01
-1.717069878654313e-01
3.811479099103514e-02
1.437008576107938e-01
-5.711369598128610e-02
-5.010895745943788e-01
-9.450654532074643e-01
-1.145880006799546e+00
-1.040293940179788e+00
-8.304721613233238e-01
1.603976980733896e-01
3.702194769298555e-01
4.758055435496143e-01
2.749909899575342e-01
-1.689848886555570e-01
-6.129607672686485e-01
-8.137753208607280e-01
-7.081892542409703e-01
-4.983674753845049e-01
5.546710884993829e-02
2.652888877064041e-01
3.708749543261630e-01
1.700604007340822e-01
-2.739154778790087e-01
-7.178913564921001e-01
-9.187059100841789e-01
-8.131198434644209e-01
-6.032980646079560e-01
3.875717947887570e-01
5.973935736452222e-01
7.029796402649815e-01
5.021650866729005e-01
5.818920805981090e-02
-3.857866705532795e-01
-5.866012241453581e-01
-4.810151575256003e-01
-2.711933786691342e-01
5.241542170716278e-01
7.339759959280947e-01
8.395620625478525e-01
6.387475089557698e-01
1.947716303426810e-01
-2.492042482704091e-01
-4.500188018624905e-01
-3.444327352427321e-01
-1.346109563862646e-01
3.293825867289462e-01
5.392043655854143e-01
6.447904322051734e-01
4.439758786130895e-01
-1.200101846550129e-16
-4.439758786130897e-01
-6.447904322051734e-01
-5.392043655854143e-01
-3.293825867289462e-01
-1.135177798056195e-01
9.630399905084765e-02
2.018900656706057e-01
1.075512078524053e-03
-4.429003665345659e-01
-8.868762451476550e-01
-1.087690798739740e+00
-9.821047321199797e-01
-7.722829532635135e-01
-5.564181463401874e-01
-3.465963674837180e-01
-2.410103008639611e-01
-4.418248544560426e-01
-8.858007330691322e-01
-1.329776611682224e+00
-1.530591165274304e+00
-1.425005098654547e+00
-1.215183319798072e+00
-7.511897766828676e-01
-5.413679978263993e-01
-4.357819312066433e-01
-6.365964847987233e-01
-1.080572363411812e+00
-1.524548242024909e+00
-1.725362795616989e+00
-1.619776728997229e+00
-1.409954950140755e+00
-6.146073543999941e-01
-4.047855755435307e-01
-2.991995089237718e-01
-5.000140625158519e-01
-9.439899411289454e-01
-1.387965819742035e+00
-1.588780373334119e+00
-1.483194306714357e+00
-1.273372527857892e+00
-2.825026684611749e-01
-7.268088960471085e-02
3.290517701504779e-02
-1.679093765770317e-01
-6.118852551901248e-01
-1.055861133803209e+00
-1.256675687395290e+00
-1.151089620775537e+00
-9.412678419190709e-01
-1.393045214927434e-01
7.051725736372302e-02
1.761033239834818e-01
-2.471122960859894e-02
-4.686871082216894e-01
-9.126629868347829e-01
-1.113477540426858e+00
-1.007891473807103e+00
-7.980696949506366e-01
1.928001644460768e-01
4.026219433025418e-01
5.082080099222989e-01
3.073934563302189e-01
-1.365824222828706e-01
-5.805583008959605e-01
-7.813728544880421e-01
-6.757867878682802e-01
-4.659650090118151e-01
3.293825867289463e-01
5.392043655854136e-01
6.447904322051733e-01
4.439758786130895e-01
-3.398670060335607e-17
-4.439758786130895e-01
-6.447904322051728e-01
-5.392043655854133e-01
-3.293825867289461e-01
1.346109563862646e-01
3.444327352427322e-01
4.500188018624905e-01
2.492042482704090e-01
-1.947716303426811e-01
-6.387475089557699e-01
-8.395620625478525e-01
-7.339759959280947e-01
-5.241542170716275e-01
-3.082894101483019e-01
-9.846763129183456e-02
7.118435327923846e-03
-1.936961182641570e-01
-6.376719968772474e-01
-1.081647875490339e+00
-1.282462429082422e+00
-1.176876362462659e+00
-9.670545836061933e-01
-7.511897766828676e-01
-5.413679978263993e-01
-4.357819312066433e-01
-6.365964847987233e-01
-1.080572363411812e+00
-1.524548242024909e+00
-1.725362795616989e+00
-1.619776728997229e+00
-1.409954950140755e+00
-9.459614070255425e-01
-7.361396281690799e-01
-6.305535615493235e-01
-8.313681151414039e-01
-1.275343993754496e+00
-1.719319872367589e+00
-1.920134425959672e+00
-1.814548359339908e+00
-1.604726580483436e+00
-8.093789847426772e-01
-5.995572058862125e-01
-4.939711392664524e-01
-6.947856928585336e-01
-1.138761571471625e+00
-1.582737450084708e+00
-1.783552003676800e+00
-1.677965937057042e+00
-1.468144158200571e+00
-4.772742988038588e-01
-2.674525199473927e-01
-1.618664533276343e-01
-3.626810069197139e-01
-8.066568855328053e-01
-1.250632764145893e+00
-1.451447317737978e+00
-1.345861251118215e+00
-1.136039472261751e+00
-2.722099209872287e-03
2.070996796465944e-01
3.126857462663516e-01
1.118711926742711e-01
-3.321046859388190e-01
-7.760805645519073e-01
-9.768951181439836e-01
-8.713090515242317e-01
-6.614872726677645e-01
3.293825867289463e-01
5.392043655854134e-01
6.447904322051721e-01
4.439758786130891e-01
3.720801550253692e-17
-4.439758786130891e-01
-6.447904322051716e-01
-5.392043655854124e-01
-3.293825867289459e-01
4.659650090118156e-01
6.757867878682808e-01
7.813728544880424e-01
5.805583008959605e-01
1.365824222828706e-01
-3.073934563302189e-01
-5.082080099222989e-01
-4.026219433025413e-01
-1.928001644460763e-01
2.711933786691343e-01
4.810151575256004e-01
5.866012241453581e-01
3.857866705532795e-01
-5.818920805981097e-02
-5.021650866729005e-01
-7.029796402649814e-01
-5.973935736452219e-01
-3.875717947887569e-01
-1.717069878654313e-01
3.811479099103515e-02
1.437008576107937e-01
-5.711369598128612e-02
-5.010895745943788e-01
-9.450654532074643e-01
-1.145880006799546e+00
-1.040293940179788e+00
-8.304721613233238e-01
-6.146073543999941e-01
-4.047855755435308e-01
-2.991995089237718e-01
-5.000140625158519e-01
-9.439899411289454e-01
-1.387965819742035e+00
-1.588780373334119e+00
-1.483194306714358e+00
-1.273372527857892e+00
-8.093789847426772e-01
-5.995572058862125e-01
-4.939711392664524e-01
-6.947856928585336e-01
-1.138761571471625e+00
-1.582737450084708e+00
-1.783552003676800e+00
-1.677965937057042e+00
-1.468144158200571e+00
-6.727965624598043e-01
-4.629747836033399e-01
-3.573887169835818e-01
-5.582032705756602e-01
-1.002179149188757e+00
-1.446155027801849e+00
-1.646969581393928e+00
-1.541383514774169e+00
-1.331561735917701e+00
-3.406918765209854e-01
-1.308700976645203e-01
-2.528403104476258e-02
-2.260985846368429e-01
-6.700744632499350e-01
-1.114050341863024e+00
-1.314864895455105e+00
-1.209278828835351e+00
-9.994570499788846e-01
3.293825867289468e-01
5.392043655854147e-01
6.447904322051722e-01
4.439758786130896e-01
8.783569985958585e-17
-4.439758786130892e-01
-6.447904322051715e-01
-5.392043655854137e-01
-3.293825867289463e-01
6.614872726677651e-01
8.713090515242320e-01
9.768951181439840e-01
7.760805645519079e-01
3.321046859388191e-01
-1.118711926742708e-01
-3.126857462663511e-01
-2.070996796465935e-01
2.722099209872863e-03
7.980696949506373e-01
1.007891473807103e+00
1.113477540426858e+00
9.126629868347830e-01
4.686871082216894e-01
2.471122960859914e-02
-1.761033239834816e-01
-7.051725736372261e-02
1.393045214927438e-01
6.032980646079565e-01
8.131198434644212e-01
9.187059100841789e-01
7.178913564921001e-01
2.739154778790087e-01
-1.700604007340821e-01
-3.708749543261627e-01
-2.652888877064038e-01
-5.546710884993800e-02
1.603976980733896e-01
3.702194769298556e-01
4.758055435496142e-01
2.749909899575342e-01
-1.689848886555570e-01
-6.129607672686485e-01
-8.137753208607280e-01
-7.081892542409703e-01
-4.983674753845049e-01
-2.825026684611749e-01
-7.268088960471084e-02
3.290517701504776e-02
-1.679093765770318e-01
-6.118852551901248e-01
-1.055861133803209e+00
-1.256675687395290e+00
-1.151089620775537e+00
-9.412678419190709e-01
-4.772742988038589e-01
-2.674525199473926e-01
-1.618664533276344e-01
-3.626810069197139e-01
-8.066568855328053e-01
-1.250632764145893e+00
-1.451447317737979e+00
-1.345861251118215e+00
-1.136039472261751e+00
-3.406918765209854e-01
-1.308700976645203e-01
-2.528403104476259e-02
-2.260985846368429e-01
-6.700744632499350e-01
-1.114050341863024e+00
-1.314864895455105e+00
-1.209278828835351e+00
-9.994570499788846e-01
-8.587190582167257e-03
2.012345882742990e-01
3.068206548940567e-01
1.060061013019751e-01
-3.379697773111138e-01
-7.819456559242048e-01
-9.827602095162854e-01
-8.771741428965305e-01
-6.673523640400599e-01
