0.56686548769306
 0.659489310605192
 0.7266009910388185
 0.5080697030457791
 0.0324512944367424
 -0.4431671141722952
 -0.6616984021653315
 -0.5945867217317059
 -0.5019628988195763
 1.031555180790985
 1.124179003703115
 1.191290684136742
 0.9727593961437025
 0.4971409875346675
 0.02152257892563077
 -0.1970087090674087
 -0.1298970286337812
 -0.03727320572165069
 1.221995690462663
 1.314619513374795
 1.381731193808421
 1.163199905815383
 0.6875814972063463
 0.2119630885973097
 -0.006568199395729261
 0.06054348103789801
 0.1531673039500288
 1.024380577847076
 1.117004400759207
 1.184116081192834
 0.9655847931997941
 0.489966384590758
 0.01434797598172168
 -0.2041833120113174
 -0.1370716315776903
 -0.04444780866555947
 0.5506398404746884
 0.64326366338682
 0.7103753438204473
 0.4918440558274074
 0.01622564721837111
 -0.4593927613906643
 -0.6779240493837048
 -0.610812368950076
 -0.5181885460379472
 0.07689910310230197
 0.1695229260144327
 0.2366346064480601
 0.01810331845502059
 -0.4575150901540161
 -0.9331334987630513
 -1.151664786756092
 -1.084553106322464
 -0.9919292834103328
 -0.120716009513286
 -0.02809218660115546
 0.03901949383247173
 -0.1795117941605675
 -0.6551302027696042
 -1.130748611378642
 -1.349279899371679
 -1.282168218938052
 -1.18954439602592
 0.06972450015839336
 0.1623483230705242
 0.229460003504151
 0.01092871551111181
 -0.4646896930979239
 -0.9403081017069609
 -1.158839389700001
 -1.091727709266374
 -0.9991038863542443
 0.5344141932563174
 0.6270380161684493
 0.6941496966020754
 0.475618408609037
 3.361026734705064e-17
 -0.4756184086090368
 -0.6941496966020752
 -0.6270380161684487
 -0.5344141932563183
 1.031555180790985
 1.124179003703115
 1.191290684136742
 0.9727593961437025
 0.4971409875346674
 0.02152257892563077
 -0.1970087090674087
 -0.1298970286337812
 -0.03727320572165066
 1.496244873888909
 1.588868696801039
 1.655980377234668
 1.437449089241627
 0.9618306806325916
 0.4862122720235557
 0.2676809840305167
 0.334792664464144
 0.4274164873762732
 1.68668538356059
 1.77930920647272
 1.846420886906346
 1.62788959891331
 1.152271190304269
 0.6766527816952341
 0.4581214937021946
 0.5252331741358217
 0.6178569970479553
 1.489070270945003
 1.581694093857131
 1.648805774290758
 1.430274486297721
 0.9546560776886828
 0.479037669079646
 0.2605063810866072
 0.327618061520235
 0.4202418844323652
 1.015329533572615
 1.107953356484745
 1.175065036918371
 0.956533748925331
 0.4809153403162955
 0.005296931707259386
 -0.2132343562857796
 -0.1461226758521525
 -0.05349885294002169
 0.5415887962002253
 0.6342126191123573
 0.7013242995459852
 0.4827930115529455
 0.007174602943908835
 -0.4684438056651278
 -0.6869750936581658
 -0.6198634132245382
 -0.5272395903124089
 0.3439736835846383
 0.4365975064967688
 0.5037091869303961
 0.2851778989373571
 -0.1904405096716794
 -0.6660589182807151
 -0.8845902062737551
 -0.8174785258401275
 -0.724854702927996
 0.5344141932563184
 0.6270380161684489
 0.6941496966020756
 0.4756184086090372
 4.311058888345487e-17
 -0.4756184086090364
 -0.6941496966020763
 -0.6270380161684473
 -0.5344141932563171
 0.9991038863542435
 1.091727709266374
 1.158839389700001
 0.9403081017069616
 0.4646896930979243
 -0.01092871551111164
 -0.229460003504151
 -0.1623483230705236
 -0.069724500158393
 1.221995690462663
 1.314619513374795
 1.381731193808421
 1.163199905815383
 0.6875814972063463
 0.2119630885973097
 -0.00656819939572926
 0.060543481037898
 0.1531673039500288
 1.68668538356059
 1.779309206472719
 1.846420886906346
 1.62788959891331
 1.152271190304269
 0.6766527816952341
 0.4581214937021946
 0.5252331741358218
 0.6178569970479553
 1.877125893232264
 1.969749716144396
 2.036861396578025
 1.818330108584987
 1.342711699975951
 0.8670932913669127
 0.648562003373875
 0.7156736838075022
 0.8082975067196321
 1.679510780616678
 1.772134603528809
 1.839246283962435
 1.620714995969398
 1.145096587360362
 0.6694781787513251
 0.4509468907582861
 0.518058571191913
 0.6106823941040452
 1.205770043244295
 1.298393866156421
 1.365505546590049
 1.146974258597011
 0.6713558499879747
 0.1957374413789387
 -0.02279384661410058
 0.04431783381952673
 0.1369416567316576
 0.7320293058719056
 0.8246531287840364
 0.8917648092176631
 0.6732335212246244
 0.1976151126155882
 -0.2780032959934485
 -0.4965345839864879
 -0.4294229035528599
 -0.3367990806407285
 0.5344141932563173
 0.6270380161684485
 0.6941496966020747
 0.4756184086090362
 -2.303590803352795e-17
 -0.4756184086090368
 -0.6941496966020757
 -0.6270380161684473
 -0.5344141932563176
 0.7248547029279964
 0.8174785258401271
 0.8845902062737552
 0.6660589182807145
 0.1904405096716792
 -0.2851778989373572
 -0.5037091869303971
 -0.4365975064967683
 -0.3439736835846382
 1.189544396025919
 1.282168218938054
 1.349279899371679
 1.13074861137864
 0.655130202769603
 0.1795117941605672
 -0.03901949383247162
 0.02809218660115561
 0.1207160095132863
 1.024380577847076
 1.117004400759208
 1.184116081192834
 0.9655847931997937
 0.489966384590758
 0.01434797598172166
 -0.2041833120113173
 -0.1370716315776903
 -0.04444780866555947
 1.489070270945003
 1.58169409385713
 1.648805774290758
 1.430274486297722
 0.9546560776886825
 0.479037669079646
 0.2605063810866072
 0.327618061520235
 0.4202418844323652
 1.679510780616678
 1.772134603528809
 1.839246283962435
 1.620714995969398
 1.145096587360362
 0.6694781787513252
 0.4509468907582861
 0.518058571191913
 0.6106823941040451
 1.481895668001093
 1.574519490913222
 1.641631171346853
 1.423099883353808
 0.947481474744775
 0.4718630661357374
 0.2533317781426986
 0.3204434585763257
 0.4130672814884566
 1.008154930628703
 1.100778753540835
 1.167890433974463
 0.949359145981424
 0.4737407373723866
 -0.001877671236649439
 -0.2204089592296888
 -0.1532972787960615
 -0.06067345588393065
 0.534414193256318
 0.6270380161684491
 0.6941496966020745
 0.4756184086090367
 -4.649194440889404e-17
 -0.4756184086090368
 -0.6941496966020747
 -0.6270380161684478
 -0.5344141932563184
 0.3367990806407288
 0.4294229035528605
 0.4965345839864871
 0.2780032959934482
 -0.1976151126155881
 -0.6732335212246249
 -0.8917648092176634
 -0.8246531287840363
 -0.7320293058719061
 0.527239590312409
 0.6198634132245399
 0.6869750936581667
 0.468443805665128
 -0.007174602943908922
 -0.482793011552945
 -0.7013242995459846
 -0.6342126191123568
 -0.541588796200226
 0.9919292834103326
 1.084553106322466
 1.151664786756094
 0.933133498763051
 0.4575150901540165
 -0.01810331845502071
 -0.2366346064480599
 -0.1695229260144323
 -0.07689910310230196
 0.5506398404746885
 0.64326366338682
 0.7103753438204473
 0.4918440558274071
 0.01622564721837108
 -0.4593927613906643
 -0.6779240493837049
 -0.610812368950076
 -0.5181885460379472
 1.015329533572614
 1.107953356484745
 1.175065036918371
 0.9565337489253313
 0.4809153403162956
 0.005296931707259351
 -0.2132343562857796
 -0.1461226758521525
 -0.05349885294002168
 1.205770043244295
 1.298393866156422
 1.365505546590049
 1.146974258597011
 0.6713558499879746
 0.1957374413789386
 -0.02279384661410059
 0.04431783381952673
 0.1369416567316576
 1.008154930628704
 1.100778753540835
 1.167890433974463
 0.9493591459814238
 0.4737407373723866
 -0.001877671236649452
 -0.2204089592296889
 -0.1532972787960615
 -0.06067345588393062
 0.5344141932563177
 0.6270380161684489
 0.6941496966020753
 0.475618408609036
 3.103528718739756e-18
 -0.4756184086090365
 -0.694149696602076
 -0.6270380161684483
 -0.5344141932563187
 0.06067345588393058
 0.1532972787960614
 0.2204089592296887
 0.001877671236649231
 -0.4737407373723873
 -0.9493591459814231
 -1.167890433974462
 -1.100778753540836
 -1.008154930628702
 -0.1369416567316573
 -0.04431783381952675
 0.02279384661410039
 -0.1957374413789388
 -0.6713558499879738
 -1.146974258597011
 -1.365505546590048
 -1.29839386615642
 -1.205770043244293
 0.05349885294002177
 0.1461226758521524
 0.2132343562857794
 -0.005296931707259593
 -0.4809153403162957
 -0.9565337489253315
 -1.175065036918372
 -1.107953356484742
 -1.015329533572612
 0.5181885460379454
 0.6108123689500768
 0.6779240493837034
 0.4593927613906647
 -0.0162256472183713
 -0.4918440558274075
 -0.7103753438204461
 -0.6432636633868195
 -0.5506398404746876
 0.07689910310230196
 0.1695229260144326
 0.23663460644806
 0.01810331845502059
 -0.4575150901540161
 -0.9331334987630513
 -1.151664786756093
 -1.084553106322464
 -0.9919292834103329
 0.5415887962002253
 0.6342126191123574
 0.7013242995459853
 0.4827930115529455
 0.007174602943908824
 -0.4684438056651277
 -0.6869750936581658
 -0.6198634132245383
 -0.5272395903124086
 0.7320293058719055
 0.8246531287840364
 0.8917648092176631
 0.6732335212246245
 0.1976151126155882
 -0.2780032959934485
 -0.496534583986488
 -0.4294229035528599
 -0.3367990806407284
 0.534414193256318
 0.6270380161684491
 0.6941496966020745
 0.4756184086090367
 -4.688496769642003e-17
 -0.4756184086090368
 -0.6941496966020748
 -0.6270380161684477
 -0.5344141932563184
 0.06067345588393058
 0.1532972787960614
 0.2204089592296887
 0.001877671236649226
 -0.4737407373723873
 -0.9493591459814231
 -1.167890433974462
 -1.100778753540836
 -1.008154930628702
 -0.4130672814884565
 -0.3204434585763255
 -0.2533317781426982
 -0.4718630661357371
 -0.9474814747447748
 -1.42309988335381
 -1.641631171346852
 -1.57451949091322
 -1.48189566800109
 -0.6106823941040448
 -0.5180585711919136
 -0.4509468907582864
 -0.6694781787513254
 -1.145096587360363
 -1.620714995969399
 -1.839246283962436
 -1.772134603528811
 -1.679510780616678
 -0.4202418844323653
 -0.327618061520235
 -0.2605063810866071
 -0.4790376690796463
 -0.954656077688683
 -1.430274486297719
 -1.64880577429076
 -1.581694093857131
 -1.489070270944999
 0.04444780866555953
 0.13707163157769
 0.2041833120113176
 -0.01434797598172181
 -0.4899663845907584
 -0.965584793199794
 -1.184116081192836
 -1.117004400759207
 -1.024380577847075
 -0.120716009513286
 -0.02809218660115546
 0.03901949383247173
 -0.1795117941605675
 -0.6551302027696043
 -1.130748611378642
 -1.349279899371679
 -1.282168218938052
 -1.189544396025922
 0.3439736835846383
 0.4365975064967687
 0.5037091869303962
 0.2851778989373571
 -0.1904405096716794
 -0.6660589182807152
 -0.8845902062737552
 -0.8174785258401275
 -0.724854702927996
 0.5344141932563174
 0.6270380161684485
 0.6941496966020746
 0.4756184086090362
 -3.695774155459963e-17
 -0.4756184086090368
 -0.6941496966020757
 -0.6270380161684472
 -0.5344141932563176
 0.3367990806407288
 0.4294229035528605
 0.496534583986487
 0.2780032959934482
 -0.1976151126155881
 -0.6732335212246249
 -0.8917648092176634
 -0.8246531287840363
 -0.7320293058719061
 -0.1369416567316574
 -0.04431783381952676
 0.0227938466141004
 -0.1957374413789389
 -0.6713558499879738
 -1.146974258597011
 -1.365505546590048
 -1.29839386615642
 -1.205770043244293
 -0.6106823941040453
 -0.5180585711919133
 -0.4509468907582864
 -0.6694781787513254
 -1.145096587360363
 -1.620714995969399
 -1.839246283962436
 -1.772134603528811
 -1.679510780616678
 -0.8082975067196324
 -0.7156736838075034
 -0.6485620033738744
 -0.867093291366912
 -1.342711699975951
 -1.818330108584987
 -2.036861396578024
 -1.969749716144397
 -1.877125893232265
 -0.6178569970479542
 -0.525233174135822
 -0.4581214937021948
 -0.6766527816952347
 -1.152271190304269
 -1.62788959891331
 -1.846420886906346
 -1.77930920647272
 -1.686685383560589
 -0.1531673039500286
 -0.06054348103789786
 0.006568199395729364
 -0.2119630885973097
 -0.6875814972063455
 -1.163199905815385
 -1.38173119380842
 -1.314619513374793
 -1.221995690462664
 0.06972450015839336
 0.1623483230705241
 0.229460003504151
 0.01092871551111181
 -0.4646896930979239
 -0.9403081017069608
 -1.158839389700001
 -1.091727709266374
 -0.9991038863542444
 0.5344141932563184
 0.6270380161684489
 0.6941496966020753
 0.4756184086090372
 4.228388472693467e-17
 -0.4756184086090364
 -0.694149696602076
 -0.6270380161684477
 -0.5344141932563171
 0.7248547029279964
 0.817478525840127
 0.8845902062737552
 0.6660589182807145
 0.1904405096716792
 -0.2851778989373572
 -0.5037091869303971
 -0.4365975064967683
 -0.3439736835846382
 0.5272395903124089
 0.6198634132245399
 0.6869750936581667
 0.468443805665128
 -0.00717460294390892
 -0.482793011552945
 -0.7013242995459846
 -0.6342126191123568
 -0.541588796200226
 0.05349885294002176
 0.1461226758521524
 0.2132343562857793
 -0.005296931707259586
 -0.4809153403162957
 -0.9565337489253315
 -1.175065036918372
 -1.107953356484742
 -1.015329533572612
 -0.4202418844323653
 -0.327618061520235
 -0.2605063810866071
 -0.4790376690796462
 -0.954656077688683
 -1.430274486297719
 -1.648805774290761
 -1.581694093857132
 -1.489070270944999
 -0.6178569970479539
 -0.525233174135822
 -0.4581214937021948
 -0.6766527816952347
 -1.152271190304269
 -1.62788959891331
 -1.846420886906346
 -1.77930920647272
 -1.686685383560589
 -0.4274164873762731
 -0.3347926644641436
 -0.267680984030516
 -0.4862122720235552
 -0.9618306806325915
 -1.437449089241627
 -1.655980377234668
 -1.588868696801041
 -1.49624487388891
 0.03727320572165088
 0.1298970286337816
 0.1970087090674086
 -0.02152257892563061
 -0.4971409875346672
 -0.9727593961437033
 -1.191290684136743
 -1.124179003703118
 -1.031555180790988
 0.5344141932563174
 0.6270380161684492
 0.6941496966020754
 0.475618408609037
 3.515525544284248e-17
 -0.4756184086090368
 -0.6941496966020752
 -0.6270380161684487
 -0.5344141932563183
 0.9991038863542435
 1.091727709266373
 1.158839389700002
 0.9403081017069616
 0.4646896930979244
 -0.01092871551111164
 -0.229460003504151
 -0.1623483230705236
 -0.06972450015839302
 1.189544396025919
 1.282168218938054
 1.349279899371679
 1.13074861137864
 0.655130202769603
 0.1795117941605672
 -0.03901949383247161
 0.02809218660115561
 0.1207160095132863
 0.9919292834103326
 1.084553106322466
 1.151664786756093
 0.933133498763051
 0.4575150901540165
 -0.01810331845502069
 -0.2366346064480599
 -0.1695229260144323
 -0.07689910310230196
 0.5181885460379453
 0.6108123689500768
 0.6779240493837034
 0.4593927613906648
 -0.01622564721837125
 -0.4918440558274075
 -0.7103753438204461
 -0.6432636633868195
 -0.5506398404746876
 0.04444780866555954
 0.13707163157769
 0.2041833120113176
 -0.01434797598172181
 -0.4899663845907584
 -0.965584793199794
 -1.184116081192836
 -1.117004400759208
 -1.024380577847075
 -0.1531673039500286
 -0.06054348103789786
 0.006568199395729356
 -0.2119630885973097
 -0.6875814972063455
 -1.163199905815385
 -1.38173119380842
 -1.314619513374795
 -1.221995690462663
 0.03727320572165088
 0.1298970286337816
 0.1970087090674086
 -0.02152257892563061
 -0.4971409875346672
 -0.9727593961437033
 -1.191290684136743
 -1.124179003703118
 -1.031555180790988
 0.5019628988195758
 0.5945867217317066
 0.6616984021653325
 0.443167114172295
 -0.03245129443674238
 -0.5080697030457794
 -0.7266009910388168
 -0.6594893106051921
 -0.5668654876930603
