0.56686548769306
 0.5959930766026348
 0.659489310605192
 0.7173255339785776
 0.7266009910388185
 0.6588861613129212
 0.5080697030457791
 0.2891925333286288
 0.0324512944367424
 -0.2242899444551435
 -0.4431671141722952
 -0.593983572439436
 -0.6616984021653315
 -0.6524229451050921
 -0.5945867217317059
 -0.5310904877291494
 -0.5019628988195763
 0.8188849956348573
 0.8480125845444308
 0.9115088185469876
 0.9693450419203749
 0.9786204989806151
 0.9109056692547184
 0.760089210987576
 0.541212041270425
 0.2844708023785393
 0.02772956348665312
 -0.191147606230497
 -0.3419640644976407
 -0.4096788942235358
 -0.4004034371632957
 -0.3425672137899092
 -0.2790709797873525
 -0.2499433908777788
 1.031555180790985
 1.06068276970056
 1.124179003703115
 1.182015227076503
 1.191290684136742
 1.123575854410846
 0.9727593961437025
 0.7538822264265529
 0.4971409875346675
 0.2403997486427809
 0.02152257892563077
 -0.1292938793415123
 -0.1970087090674087
 -0.1877332520071684
 -0.1298970286337812
 -0.06640079463122439
 -0.03727320572165069
 1.173169061711101
 1.202296650620676
 1.265792884623231
 1.323629107996618
 1.332904565056859
 1.265189735330962
 1.114373277063822
 0.8954961073466706
 0.6387548684547848
 0.3820136295628982
 0.1631364598457477
 0.01232000157860427
 -0.0553948281472918
 -0.04611937108705165
 0.01171685228633548
 0.07521308628889238
 0.1043406751984662
 1.221995690462663
 1.251123279372238
 1.314619513374795
 1.372455736748181
 1.381731193808421
 1.314016364082527
 1.163199905815383
 0.944322736098233
 0.6875814972063463
 0.4308402583144603
 0.2119630885973097
 0.0611466303301668
 -0.006568199395729261
 0.002707257664510927
 0.06054348103789801
 0.1240397150404549
 0.1531673039500288
 1.169970917076978
 1.19909850598655
 1.262594739989106
 1.320430963362495
 1.329706420422735
 1.261991590696839
 1.111175132429694
 0.8922979627125438
 0.635556723820658
 0.3788154849287721
 0.1599383152116216
 0.009121856944478717
 -0.05859297278141731
 -0.04931751572117719
 0.008518707652209929
 0.07201494165476688
 0.1011425305643405
 1.024380577847076
 1.05350816675665
 1.117004400759207
 1.174840624132595
 1.184116081192834
 1.116401251466939
 0.9655847931997941
 0.7467076234826437
 0.489966384590758
 0.233225145698872
 0.01434797598172168
 -0.1364684822854215
 -0.2041833120113174
 -0.1949078549510773
 -0.1370716315776903
 -0.07357539757513301
 -0.04444780866555947
 0.8069730981477371
 0.8361006870573116
 0.8995969210598677
 0.9574331444332541
 0.9667086014934937
 0.8989937717675988
 0.7481773135004548
 0.5293001437833056
 0.272558904891419
 0.01581766599953293
 -0.2030595037176178
 -0.3538759619847613
 -0.4215907917106569
 -0.4123153346504166
 -0.3544791112770294
 -0.2909828772744728
 -0.261855288364898
 0.5506398404746884
 0.5797674293842625
 0.64326366338682
 0.7010998867602065
 0.7103753438204473
 0.6426605140945494
 0.4918440558274074
 0.2729668861102573
 0.01622564721837111
 -0.2405155916735148
 -0.4593927613906643
 -0.6102092196578083
 -0.6779240493837048
 -0.6686485923234639
 -0.610812368950076
 -0.5473161349475194
 -0.5181885460379472
 0.294306582801641
 0.3234341717112149
 0.3869304057137713
 0.4447666290871585
 0.4540420861473989
 0.3863272564215029
 0.2355107981543596
 0.01663362843720935
 -0.2401076104546771
 -0.4968488493465628
 -0.7157260190637121
 -0.8665424773308562
 -0.9342573070567525
 -0.9249818499965109
 -0.8671456266231236
 -0.8036493926205679
 -0.7745218037109945
 0.07689910310230197
 0.1060266920118757
 0.1695229260144327
 0.22735914938782
 0.2366346064480601
 0.1689197767221636
 0.01810331845502059
 -0.2007738512621299
 -0.4575150901540161
 -0.7142563290459019
 -0.9331334987630513
 -1.083949957030194
 -1.151664786756092
 -1.142389329695852
 -1.084553106322464
 -1.021056872319905
 -0.9919292834103328
 -0.06869123612759816
 -0.03956364721802443
 0.0239325867845326
 0.08176881015791962
 0.09104426721815978
 0.02332943749226367
 -0.1274870207748794
 -0.3463641904920295
 -0.6031054293839171
 -0.8598466682758025
 -1.078723837992952
 -1.229540296260097
 -1.297255125985992
 -1.287979668925751
 -1.230143445552363
 -1.166647211549808
 -1.137519622640232
 -0.120716009513286
 -0.0915884206037126
 -0.02809218660115546
 0.0297440367722316
 0.03901949383247173
 -0.02869533589342431
 -0.1795117941605675
 -0.3983889638777178
 -0.6551302027696042
 -0.9118714416614898
 -1.130748611378642
 -1.281565069645783
 -1.349279899371679
 -1.340004442311442
 -1.282168218938052
 -1.218671984935497
 -1.18954439602592
 -0.07188938076172353
 -0.04276179185214975
 0.02073444215040721
 0.07857066552379424
 0.08784612258403439
 0.02013129285813837
 -0.130685165409005
 -0.3495623351261554
 -0.6063035740180417
 -0.8630448129099274
 -1.08192198262708
 -1.232738440894221
 -1.300453270620116
 -1.291177813559878
 -1.233341590186489
 -1.169845356183932
 -1.140717767274358
 0.06972450015839336
 0.09885208906796694
 0.1623483230705242
 0.2201845464439108
 0.229460003504151
 0.161745173778255
 0.01092871551111181
 -0.2079484542060384
 -0.4646896930979239
 -0.72143093198981
 -0.9403081017069609
 -1.091124559974104
 -1.158839389700001
 -1.14956393263976
 -1.091727709266374
 -1.028231475263817
 -0.9991038863542443
 0.2823946853145215
 0.3115222742240958
 0.3750185082266518
 0.4328547316000391
 0.4421301886602789
 0.3744153589343835
 0.22359890066724
 0.004721730950089522
 -0.2520195079417963
 -0.5087607468336834
 -0.727637916550833
 -0.8784543748179754
 -0.9461692045438728
 -0.9368937474836314
 -0.8790575241102446
 -0.8155612901076889
 -0.7864337011981141
 0.5344141932563174
 0.5635417821658928
 0.6270380161684493
 0.6848742395418345
 0.6941496966020754
 0.626434866876179
 0.475618408609037
 0.256741238891886
 3.361026734705064e-17
 -0.2567412388918859
 -0.4756184086090368
 -0.6264348668761792
 -0.6941496966020752
 -0.6848742395418335
 -0.6270380161684487
 -0.5635417821658927
 -0.5344141932563183
 0.8188849956348573
 0.8480125845444308
 0.9115088185469877
 0.969345041920375
 0.9786204989806152
 0.9109056692547183
 0.7600892109875758
 0.5412120412704247
 0.2844708023785393
 0.02772956348665312
 -0.191147606230497
 -0.3419640644976405
 -0.4096788942235358
 -0.4004034371632957
 -0.3425672137899092
 -0.2790709797873522
 -0.2499433908777788
 1.070904503576652
 1.100032092486227
 1.163528326488784
 1.221364549862174
 1.23064000692241
 1.162925177196515
 1.012108718929373
 0.7932315492122225
 0.5364903103203361
 0.2797490714284493
 0.06087190171129939
 -0.08994455655584391
 -0.1576593862817398
 -0.1483839292214996
 -0.09054770584811266
 -0.02705147184555588
 0.002076117064017834
 1.283574688732782
 1.312702277642356
 1.37619851164491
 1.434034735018298
 1.443310192078538
 1.375595362352644
 1.2247789040855
 1.005901734368351
 0.7491604954764631
 0.4924192565845779
 0.273542086867428
 0.1227256286002842
 0.05501079887438824
 0.06428625593462836
 0.1221224793080154
 0.1856187133105727
 0.2147463022201458
 1.425188569652899
 1.454316158562472
 1.51781239256503
 1.575648615938414
 1.584924072998656
 1.517209243272762
 1.366392785005619
 1.147515615288466
 0.890774376396581
 0.6340331375046947
 0.4151559677875441
 0.2643395095204008
 0.1966246797945046
 0.2059001368547451
 0.2637363602281322
 0.3272325942306885
 0.3563601831402632
 1.47401519840446
 1.503142787314034
 1.566639021316588
 1.624475244689979
 1.63375070175022
 1.566035872024323
 1.415219413757181
 1.196342244040028
 0.9396010051481412
 0.6828597662562573
 0.4639825965391058
 0.3131661382719633
 0.2454513085460673
 0.2547267656063077
 0.3125629889796947
 0.3760592229822514
 0.4051868118918251
 1.421990425018771
 1.451118013928344
 1.514614247930901
 1.57245047130429
 1.581725928364532
 1.514011098638636
 1.363194640371494
 1.144317470654343
 0.8875762317624535
 0.6308349928705689
 0.4119578231534182
 0.2611413648862756
 0.1934265351603789
 0.2027019922206196
 0.2605382155940064
 0.3240344495965635
 0.3531620385061373
 1.276400085788872
 1.305527674698446
 1.369023908701002
 1.426860132074391
 1.436135589134631
 1.368420759408735
 1.217604301141593
 0.9987271314244409
 0.7419858925325551
 0.4852446536406683
 0.2663674839235184
 0.1155510256563752
 0.04783619593047915
 0.05711165299071929
 0.1149478763641064
 0.1784441103666637
 0.2075716992762373
 1.058992606089534
 1.088120194999107
 1.151616429001665
 1.209452652375051
 1.21872810943529
 1.151013279709393
 1.000196821442252
 0.7813196517251016
 0.524578412833215
 0.2678371739413302
 0.04896000422417904
 -0.101856454042964
 -0.1695712837688602
 -0.16029582670862
 -0.1024596033352327
 -0.03896336933267567
 -0.009835780423101955
 0.8026593484164867
 0.8317869373260599
 0.8952831713286167
 0.9531193947020022
 0.9623948517622428
 0.8946800220363471
 0.7438635637692056
 0.5249863940520532
 0.2682451551601677
 0.01150391626828166
 -0.2073732534488684
 -0.3581897117160121
 -0.425904541441908
 -0.4166290843816674
 -0.3587928610082803
 -0.2952966270057237
 -0.26616903809615
 0.546326090743437
 0.5754536796530102
 0.6389499136555682
 0.6967861370289566
 0.7060615940891963
 0.6383467643633002
 0.4875303060961563
 0.2686531363790065
 0.01191189748711977
 -0.2448293414047661
 -0.4637065111219161
 -0.61452296938906
 -0.682237799114957
 -0.6729623420547146
 -0.6151261186813273
 -0.5516298846787709
 -0.5225022957691968
 0.3289186110440985
 0.3580461999536719
 0.4215424339562284
 0.4793786573296165
 0.4886541143898561
 0.4209392846639602
 0.2701228263968171
 0.05124565667966664
 -0.2054955822122193
 -0.4622368211041054
 -0.681113990821256
 -0.8319304490883969
 -0.8996452788142931
 -0.8903698217540545
 -0.8325335983806663
 -0.7690373643781102
 -0.739909775468535
 0.1833282718141983
 0.2124558607237722
 0.2759520947263289
 0.333788318099716
 0.343063775159956
 0.2753489454340602
 0.1245324871669171
 -0.09434468255023337
 -0.351085921442119
 -0.6078271603340062
 -0.8267043300511552
 -0.9775207883182979
 -1.045235618044196
 -1.035960160983952
 -0.9781239376105668
 -0.9146277036080099
 -0.8855001146984379
 0.1313034984285106
 0.1604310873380843
 0.2239273213406409
 0.2817635447140286
 0.2910390017742682
 0.2233241720483722
 0.07250771378122922
 -0.1463694559359215
 -0.4031106948278079
 -0.659851933719695
 -0.8787291034368441
 -1.029545561703985
 -1.097260391429883
 -1.087984934369644
 -1.030148710996257
 -0.9666524769936989
 -0.937524888084124
 0.1801301271800731
 0.2092577160896467
 0.2727539500922035
 0.3305901734655906
 0.3398656305258307
 0.2721508007999351
 0.1213343425327918
 -0.09754282718435867
 -0.3542840660762448
 -0.6110253049681302
 -0.8299024746852812
 -0.9807189329524237
 -1.048433762678319
 -1.039158305618084
 -0.9813220822446924
 -0.9178258482421366
 -0.888698259332563
 0.3217440081001893
 0.3508715970097641
 0.4143678310123202
 0.4722040543857075
 0.4814795114459478
 0.4137646817200511
 0.2629482234529084
 0.044071053735758
 -0.2126701851561282
 -0.4694114240480138
 -0.688288593765164
 -0.8391050520323077
 -0.9068198817582042
 -0.8975444246979635
 -0.8397082013245776
 -0.7762119673220195
 -0.7470843784124455
 0.5344141932563169
 0.5635417821658916
 0.6270380161684488
 0.6848742395418361
 0.6941496966020753
 0.6264348668761796
 0.4756184086090363
 0.256741238891886
 2.200252783787771e-17
 -0.2567412388918859
 -0.4756184086090362
 -0.6264348668761786
 -0.6941496966020747
 -0.6848742395418348
 -0.6270380161684479
 -0.563541782165892
 -0.5344141932563169
 0.7864337011981153
 0.8155612901076891
 0.8790575241102454
 0.9368937474836319
 0.9461692045438721
 0.8784543748179753
 0.727637916550833
 0.5087607468336826
 0.2520195079417966
 -0.00472173095008928
 -0.2235989006672396
 -0.3744153589343827
 -0.4421301886602781
 -0.4328547316000383
 -0.3750185082266518
 -0.3115222742240952
 -0.2823946853145214
 1.031555180790985
 1.06068276970056
 1.124179003703115
 1.182015227076503
 1.191290684136742
 1.123575854410846
 0.9727593961437025
 0.7538822264265529
 0.4971409875346674
 0.2403997486427809
 0.02152257892563077
 -0.1292938793415123
 -0.1970087090674087
 -0.1877332520071684
 -0.1298970286337812
 -0.06640079463122436
 -0.03727320572165066
 1.283574688732782
 1.312702277642356
 1.37619851164491
 1.434034735018298
 1.443310192078539
 1.375595362352644
 1.2247789040855
 1.005901734368351
 0.7491604954764634
 0.4924192565845779
 0.273542086867428
 0.1227256286002842
 0.05501079887438824
 0.06428625593462836
 0.1221224793080154
 0.1856187133105727
 0.2147463022201458
 1.496244873888909
 1.525372462798484
 1.588868696801039
 1.646704920174431
 1.655980377234668
 1.58826554750877
 1.437449089241627
 1.218571919524482
 0.9618306806325916
 0.7050894417407074
 0.4862122720235557
 0.3353958137564122
 0.2676809840305167
 0.2769564410907575
 0.334792664464144
 0.398288898466701
 0.4274164873762732
 1.637858754809026
 1.666986343718602
 1.730482577721155
 1.788318801094544
 1.797594258154784
 1.729879428428886
 1.579062970161745
 1.360185800444595
 1.103444561552707
 0.8467033226608217
 0.6278261529436721
 0.4770096946765295
 0.4092948649506327
 0.4185703220108734
 0.4764065453842602
 0.5399027793868173
 0.569030368296391
 1.68668538356059
 1.715812972470164
 1.77930920647272
 1.837145429846106
 1.846420886906346
 1.77870605718045
 1.62788959891331
 1.409012429196156
 1.152271190304269
 0.8955299514123833
 0.6766527816952341
 0.5258363234280912
 0.4581214937021946
 0.4673969507624354
 0.5252331741358217
 0.5887294081383797
 0.6178569970479553
 1.634660610174898
 1.663788199084475
 1.727284433087031
 1.785120656460416
 1.794396113520659
 1.726681283794764
 1.575864825527617
 1.35698765581047
 1.100246416918583
 0.8435051780266978
 0.6246280083095465
 0.4738115500424028
 0.4060967203165068
 0.4153721773767476
 0.473208400750135
 0.5367046347526926
 0.5658322236622657
 1.489070270945003
 1.518197859854574
 1.581694093857131
 1.639530317230518
 1.648805774290758
 1.581090944564864
 1.430274486297721
 1.211397316580569
 0.9546560776886828
 0.6979148387967968
 0.479037669079646
 0.3282212108125038
 0.2605063810866072
 0.2697818381468473
 0.327618061520235
 0.3911142955227915
 0.4202418844323652
 1.271662791245662
 1.300790380155237
 1.364286614157791
 1.422122837531182
 1.431398294591416
 1.363683464865523
 1.21286700659838
 0.9939898368812302
 0.7372485979893435
 0.4805073590974576
 0.2616301893803075
 0.1108137311131643
 0.04309890138726804
 0.05237435844750833
 0.1102105818208955
 0.1737068158234522
 0.2028344047330254
 1.015329533572615
 1.044457122482187
 1.107953356484745
 1.165789579858129
 1.175065036918371
 1.107350207192477
 0.956533748925331
 0.7376565792081813
 0.4809153403162955
 0.22417410142441
 0.005296931707259386
 -0.1455195265598836
 -0.2132343562857796
 -0.2039588992255395
 -0.1461226758521525
 -0.08262644184959532
 -0.05349885294002169
 0.7589962758995661
 0.7881238648091381
 0.8516200988116964
 0.9094563221850844
 0.9187317792453229
 0.8510169495194263
 0.700200491252284
 0.4813233215351335
 0.2245820826432481
 -0.03215915624863804
 -0.2510363259657883
 -0.4018527842329318
 -0.4695676139588276
 -0.4602921568985874
 -0.4024559335251998
 -0.3389596995226433
 -0.3098321106130692
 0.5415887962002253
 0.5707163851097988
 0.6342126191123573
 0.6920488424857437
 0.7013242995459852
 0.6336094698200888
 0.4827930115529455
 0.2639158418357946
 0.007174602943908835
 -0.2495666359479769
 -0.4684438056651278
 -0.6192602639322694
 -0.6869750936581658
 -0.6776996365979266
 -0.6198634132245382
 -0.5563671792219821
 -0.5272395903124089
 0.395998456970326
 0.4251260458799
 0.4886222798824571
 0.5464585032558448
 0.5557339603160836
 0.4880191305901885
 0.3372026723230452
 0.1183255026058948
 -0.1384157362859913
 -0.3951569751778763
 -0.6140341448950272
 -0.764850603162171
 -0.8325654328880663
 -0.8232899758278261
 -0.7654537524544389
 -0.701957518451883
 -0.6728299295423084
 0.3439736835846383
 0.3731012724942116
 0.4365975064967688
 0.4944337298701571
 0.5037091869303961
 0.4359943572045004
 0.2851778989373571
 0.06630072922020674
 -0.1904405096716794
 -0.4471817485635654
 -0.6660589182807151
 -0.8168753765478586
 -0.8845902062737551
 -0.8753147492135149
 -0.8174785258401275
 -0.7539822918375704
 -0.724854702927996
 0.3928003123362017
 0.4219279012457752
 0.4854241352483324
 0.5432603586217183
 0.5525358156819599
 0.4848209859560633
 0.3340045276889202
 0.1151273579717695
 -0.1416138809201169
 -0.3983551198120034
 -0.6172322895291529
 -0.7680487477962954
 -0.8357635775221923
 -0.8264881204619514
 -0.7686518970885661
 -0.705155663086006
 -0.6760280741764355
 0.5344141932563184
 0.5635417821658928
 0.6270380161684489
 0.6848742395418355
 0.6941496966020756
 0.6264348668761814
 0.4756184086090372
 0.2567412388918862
 4.311058888345487e-17
 -0.2567412388918862
 -0.4756184086090364
 -0.6264348668761808
 -0.6941496966020763
 -0.6848742395418356
 -0.6270380161684473
 -0.5635417821658912
 -0.5344141932563171
 0.7470843784124467
 0.77621196732202
 0.839708201324577
 0.8975444246979645
 0.9068198817582047
 0.8391050520323078
 0.6882885937651656
 0.4694114240480144
 0.212670185156128
 -0.0440710537357579
 -0.2629482234529079
 -0.4137646817200515
 -0.4814795114459471
 -0.4722040543857071
 -0.4143678310123199
 -0.3508715970097638
 -0.3217440081001889
 0.9991038863542435
 1.028231475263818
 1.091727709266374
 1.14956393263976
 1.158839389700001
 1.091124559974104
 0.9403081017069616
 0.7214309319898109
 0.4646896930979243
 0.2079484542060386
 -0.01092871551111164
 -0.1617451737782547
 -0.229460003504151
 -0.2201845464439108
 -0.1623483230705236
 -0.09885208906796669
 -0.069724500158393
 1.173169061711101
 1.202296650620676
 1.265792884623231
 1.323629107996618
 1.33290456505686
 1.265189735330962
 1.114373277063822
 0.8954961073466706
 0.6387548684547848
 0.3820136295628981
 0.1631364598457477
 0.01232000157860427
 -0.0553948281472918
 -0.04611937108705165
 0.01171685228633548
 0.0752130862888924
 0.1043406751984662
 1.425188569652898
 1.454316158562472
 1.51781239256503
 1.575648615938414
 1.584924072998656
 1.517209243272762
 1.366392785005619
 1.147515615288466
 0.890774376396581
 0.6340331375046949
 0.4151559677875441
 0.2643395095204008
 0.1966246797945046
 0.2059001368547453
 0.2637363602281322
 0.3272325942306884
 0.3563601831402632
 1.637858754809026
 1.666986343718601
 1.730482577721155
 1.788318801094545
 1.797594258154784
 1.729879428428886
 1.579062970161745
 1.360185800444595
 1.103444561552707
 0.8467033226608217
 0.6278261529436723
 0.4770096946765296
 0.4092948649506327
 0.4185703220108734
 0.4764065453842602
 0.5399027793868173
 0.569030368296391
 1.779472635729141
 1.808600224638715
 1.872096458641275
 1.92993268201466
 1.939208139074899
 1.871493309349008
 1.720676851081863
 1.501799681364711
 1.245058442472825
 0.9883172035809397
 0.7694400338637875
 0.6186235755966467
 0.5509087458707491
 0.5601842029309908
 0.6180204263043776
 0.6815166603069335
 0.7106442492165098
 1.828299264480702
 1.857426853390278
 1.920923087392836
 1.978759310766224
 1.988034767826461
 1.920319938100566
 1.769503479833425
 1.550626310116276
 1.293885071224389
 1.0371438323325
 0.8182666626153503
 0.6674502043482068
 0.5997353746223116
 0.6090108316825518
 0.666847055055939
 0.7303432890584954
 0.7594708779680684
 1.776274491095014
 1.80540208000459
 1.868898314007147
 1.926734537380534
 1.936009994440775
 1.86829516471488
 1.717478706447736
 1.498601536730586
 1.241860297838699
 0.9851190589468124
 0.7662418892296644
 0.6154254309625196
 0.547710601236624
 0.5569860582968634
 0.6148222816702505
 0.6783185156728077
 0.7074461045823809
 1.630684151865118
 1.659811740774692
 1.723307974777249
 1.781144198150637
 1.790419655210874
 1.722704825484978
 1.571888367217835
 1.353011197500684
 1.096269958608798
 0.8395287197169131
 0.6206515499997629
 0.4698350917326203
 0.402120262006724
 0.4113957190669645
 0.4692319424403513
 0.5327281764429083
 0.5618557653524819
 1.413276672165779
 1.442404261075353
 1.505900495077908
 1.563736718451296
 1.573012175511538
 1.505297345785641
 1.354480887518497
 1.135603717801345
 0.8788624789094603
 0.622121240017575
 0.4032440703004238
 0.2524276120332806
 0.1847127823073846
 0.1939882393676249
 0.2518244627410122
 0.3153206967435688
 0.3444482856531418
 1.156943414492729
 1.186071003402302
 1.249567237404858
 1.307403460778247
 1.316678917838486
 1.248964088112592
 1.098147629845447
 0.879270460128298
 0.6225292212364124
 0.3657879823445265
 0.1469108126273762
 -0.003905645639767058
 -0.07162047536566316
 -0.06234501830542283
 -0.004508794932035706
 0.05898743907052136
 0.08811502798009486
 0.9006101568196826
 0.9297377457292556
 0.9932339797318132
 1.051070203105201
 1.06034566016544
 0.9926308304395435
 0.8418143721724011
 0.6229372024552499
 0.3661959635633644
 0.1094547246714785
 -0.1094224450456717
 -0.2602389033128152
 -0.3279537330387108
 -0.3186782759784708
 -0.260842052605083
 -0.1973458186025262
 -0.1682182296929527
 0.6832026771203428
 0.7123302660299179
 0.7758265000324742
 0.8336627234058619
 0.8429381804661011
 0.7752233507402054
 0.6244068924730635
 0.4055297227559116
 0.1487884838640253
 -0.1079527550278606
 -0.3268299247450107
 -0.4776463830121544
 -0.5453612127380499
 -0.5360857556778095
 -0.478249532304422
 -0.4147532983018657
 -0.3856257093922912
 0.5376123378904428
 0.5667399268000171
 0.6302361608025739
 0.6880723841759622
 0.6973478412362014
 0.6296330115103056
 0.4788165532431622
 0.2599393835260115
 0.003198144634125383
 -0.2535430942577603
 -0.4724202639749111
 -0.623236722242054
 -0.6909515519679497
 -0.6816760949077096
 -0.6238398715343219
 -0.5603436375317659
 -0.5312160486221914
 0.4855875645047544
 0.5147151534143285
 0.5782113874168864
 0.6360476107902727
 0.6453230678505139
 0.5776082381246161
 0.4267917798574735
 0.2079146101403234
 -0.0488266287515626
 -0.3055678676434486
 -0.5244450373605976
 -0.6752614956277425
 -0.7429763253536372
 -0.7337008682933984
 -0.6758646449200109
 -0.6123684109174533
 -0.5832408220078793
 0.5344141932563173
 0.5635417821658926
 0.627038016168448
 0.6848742395418348
 0.694149696602075
 0.6264348668761797
 0.4756184086090366
 0.2567412388918858
 4.912791094074942e-19
 -0.2567412388918862
 -0.4756184086090368
 -0.6264348668761798
 -0.6941496966020757
 -0.6848742395418351
 -0.6270380161684473
 -0.5635417821658918
 -0.534414193256316
 0.6760280741764352
 0.7051556630860081
 0.7686518970885661
 0.826488120461952
 0.8357635775221914
 0.7680487477962958
 0.617232289529154
 0.3983551198120029
 0.1416138809201168
 -0.1151273579717695
 -0.3340045276889198
 -0.4848209859560626
 -0.5525358156819589
 -0.5432603586217187
 -0.485424135248332
 -0.4219279012457747
 -0.3928003123362007
 0.8886982593325634
 0.9178258482421371
 0.9813220822446945
 1.039158305618082
 1.048433762678323
 0.9807189329524244
 0.8299024746852821
 0.6110253049681307
 0.3542840660762456
 0.0975428271843588
 -0.1213343425327915
 -0.2721508007999349
 -0.3398656305258306
 -0.3305901734655898
 -0.2727539500922033
 -0.2092577160896467
 -0.1801301271800728
 1.140717767274359
 1.169845356183936
 1.233341590186491
 1.291177813559877
 1.300453270620115
 1.23273844089422
 1.08192198262708
 0.8630448129099277
 0.606303574018042
 0.3495623351261553
 0.1306851654090048
 -0.02013129285813813
 -0.0878461225840341
 -0.07857066552379398
 -0.02073444215040687
 0.04276179185215
 0.07188938076172378
 1.221995690462663
 1.251123279372238
 1.314619513374795
 1.372455736748182
 1.381731193808421
 1.314016364082527
 1.163199905815383
 0.944322736098233
 0.6875814972063463
 0.4308402583144604
 0.2119630885973097
 0.0611466303301668
 -0.00656819939572926
 0.00270725766451093
 0.060543481037898
 0.124039715040455
 0.1531673039500288
 1.47401519840446
 1.503142787314034
 1.566639021316588
 1.624475244689979
 1.63375070175022
 1.566035872024323
 1.415219413757181
 1.196342244040028
 0.9396010051481412
 0.6828597662562573
 0.4639825965391058
 0.3131661382719633
 0.2454513085460673
 0.2547267656063077
 0.3125629889796947
 0.3760592229822514
 0.405186811891825
 1.68668538356059
 1.715812972470163
 1.779309206472719
 1.837145429846106
 1.846420886906346
 1.77870605718045
 1.62788959891331
 1.409012429196156
 1.152271190304269
 0.8955299514123835
 0.6766527816952341
 0.525836323428091
 0.4581214937021946
 0.4673969507624354
 0.5252331741358218
 0.5887294081383797
 0.6178569970479553
 1.828299264480702
 1.857426853390278
 1.920923087392836
 1.978759310766224
 1.988034767826461
 1.920319938100566
 1.769503479833425
 1.550626310116276
 1.293885071224388
 1.0371438323325
 0.8182666626153505
 0.6674502043482069
 0.5997353746223116
 0.6090108316825518
 0.666847055055939
 0.7303432890584954
 0.7594708779680684
 1.877125893232264
 1.906253482141842
 1.969749716144396
 2.027585939517785
 2.036861396578025
 1.96914656685213
 1.818330108584987
 1.599452938867837
 1.342711699975951
 1.085970461084061
 0.8670932913669127
 0.7162768330997704
 0.648562003373875
 0.6578374604341154
 0.7156736838075022
 0.7791699178100605
 0.8082975067196321
 1.82510111984658
 1.854228708756152
 1.917724942758711
 1.975561166132096
 1.984836623192339
 1.917121793466442
 1.766305335199299
 1.547428165482148
 1.290686926590261
 1.033945687698375
 0.8150685179812264
 0.6642520597140813
 0.5965372299881867
 0.6058126870484274
 0.6636489104218125
 0.7271451444243707
 0.7562727333339432
 1.679510780616678
 1.708638369526253
 1.772134603528809
 1.829970826902199
 1.839246283962435
 1.77153145423654
 1.620714995969398
 1.401837826252247
 1.145096587360362
 0.8883553484684765
 0.6694781787513251
 0.5186617204841818
 0.4509468907582861
 0.4602223478185264
 0.518058571191913
 0.5815548051944702
 0.6106823941040452
 1.462103300917337
 1.491230889826912
 1.554727123829469
 1.612563347202861
 1.621838804263099
 1.5541239745372
 1.403307516270057
 1.18443034655291
 0.9276891076610226
 0.6709478687691368
 0.4520706990519858
 0.3012542407848432
 0.2335394110589476
 0.2428148681191873
 0.3006510914925741
 0.3641473254951314
 0.3932749144047057
 1.205770043244295
 1.234897632153863
 1.298393866156421
 1.356230089529811
 1.365505546590049
 1.297790716864155
 1.146974258597011
 0.9280970888798618
 0.6713558499879747
 0.4146146110960887
 0.1957374413789387
 0.04492098311179557
 -0.02279384661410058
 -0.01351838955386035
 0.04431783381952673
 0.1078140678220838
 0.1369416567316576
 0.9494367855712433
 0.9785643744808177
 1.042060608483377
 1.099896831856762
 1.109172288917004
 1.041457459191106
 0.8906410009239645
 0.6717638312068129
 0.4150225923149274
 0.158281353423041
 -0.06059581629410923
 -0.2114122745612521
 -0.2791271042871487
 -0.269851647226908
 -0.2120154238535209
 -0.1485191898509642
 -0.1193916009413901
 0.7320293058719056
 0.7611568947814796
 0.8246531287840364
 0.8824893521574233
 0.8917648092176631
 0.8240499794917672
 0.6732335212246244
 0.4543563515074742
 0.1976151126155882
 -0.05912612627629809
 -0.2780032959934485
 -0.4288197542605912
 -0.4965345839864879
 -0.4872591269262467
 -0.4294229035528599
 -0.3659266695503029
 -0.3367990806407285
 0.5864389666420053
 0.61556655555158
 0.6790627895541369
 0.7368990129275247
 0.7461744699877635
 0.678459640261869
 0.527643181994724
 0.3087660122775739
 0.05202477338568798
 -0.2047164655061978
 -0.4235936352233483
 -0.5744100934904907
 -0.6421249232163877
 -0.632849466156147
 -0.5750132427827602
 -0.5115170087802026
 -0.4823894198706291
 0.5344141932563173
 0.5635417821658903
 0.6270380161684485
 0.6848742395418355
 0.6941496966020747
 0.6264348668761804
 0.4756184086090362
 0.2567412388918862
 -2.303590803352795e-17
 -0.256741238891886
 -0.4756184086090368
 -0.6264348668761794
 -0.6941496966020757
 -0.6848742395418357
 -0.6270380161684473
 -0.5635417821658901
 -0.5344141932563176
 0.5832408220078809
 0.6123684109174534
 0.6758646449200109
 0.7337008682933985
 0.7429763253536389
 0.6752614956277418
 0.524445037360599
 0.3055678676434487
 0.04882662875156258
 -0.2079146101403234
 -0.426791779857474
 -0.5776082381246161
 -0.6453230678505135
 -0.636047610790273
 -0.578211387416886
 -0.5147151534143287
 -0.4855875645047547
 0.7248547029279964
 0.7539822918375705
 0.8174785258401271
 0.8753147492135144
 0.8845902062737552
 0.8168753765478581
 0.6660589182807145
 0.4471817485635655
 0.1904405096716792
 -0.06630072922020672
 -0.2851778989373572
 -0.4359943572045004
 -0.5037091869303971
 -0.4944337298701567
 -0.4365975064967683
 -0.3731012724942117
 -0.3439736835846382
 0.9375248880841245
 0.9666524769936992
 1.030148710996255
 1.087984934369642
 1.097260391429883
 1.029545561703984
 0.8787291034368444
 0.6598519337196945
 0.4031106948278076
 0.1463694559359214
 -0.07250771378122901
 -0.2233241720483722
 -0.2910390017742676
 -0.2817635447140281
 -0.2239273213406412
 -0.160431087338084
 -0.1313034984285105
 1.189544396025919
 1.218671984935496
 1.282168218938054
 1.34000444231144
 1.349279899371679
 1.281565069645784
 1.13074861137864
 0.9118714416614901
 0.655130202769603
 0.3983889638777177
 0.1795117941605672
 0.02869533589342439
 -0.03901949383247162
 -0.02974403677223144
 0.02809218660115561
 0.09158842060371257
 0.1207160095132863
 1.169970917076977
 1.19909850598655
 1.262594739989106
 1.320430963362495
 1.329706420422735
 1.261991590696839
 1.111175132429694
 0.8922979627125441
 0.635556723820658
 0.3788154849287721
 0.1599383152116216
 0.0091218569444787
 -0.05859297278141731
 -0.04931751572117719
 0.008518707652209929
 0.07201494165476688
 0.1011425305643405
 1.421990425018771
 1.451118013928344
 1.514614247930901
 1.57245047130429
 1.581725928364532
 1.514011098638636
 1.363194640371494
 1.144317470654343
 0.8875762317624535
 0.6308349928705688
 0.4119578231534182
 0.2611413648862756
 0.1934265351603789
 0.2027019922206197
 0.2605382155940064
 0.3240344495965635
 0.3531620385061373
 1.634660610174898
 1.663788199084475
 1.727284433087031
 1.785120656460416
 1.794396113520659
 1.726681283794764
 1.575864825527617
 1.35698765581047
 1.100246416918583
 0.8435051780266973
 0.6246280083095466
 0.4738115500424028
 0.4060967203165068
 0.4153721773767476
 0.4732084007501349
 0.5367046347526926
 0.5658322236622657
 1.776274491095014
 1.80540208000459
 1.868898314007146
 1.926734537380534
 1.936009994440774
 1.868295164714879
 1.717478706447736
 1.498601536730586
 1.241860297838699
 0.9851190589468124
 0.7662418892296643
 0.6154254309625196
 0.547710601236624
 0.5569860582968634
 0.6148222816702505
 0.6783185156728075
 0.7074461045823809
 1.825101119846579
 1.854228708756152
 1.917724942758711
 1.975561166132096
 1.984836623192339
 1.917121793466442
 1.766305335199299
 1.547428165482147
 1.290686926590261
 1.033945687698375
 0.815068517981226
 0.6642520597140813
 0.5965372299881867
 0.6058126870484274
 0.6636489104218125
 0.7271451444243707
 0.7562727333339432
 1.773076346460892
 1.802203935370466
 1.865700169373021
 1.923536392746405
 1.932811849806648
 1.865097020080754
 1.714280561813609
 1.495403392096459
 1.238662153204573
 0.981920914312689
 0.7630437445955361
 0.6122272863283938
 0.5445124566024991
 0.553787913662739
 0.6116241370361263
 0.6751203710386812
 0.7042479599482561
 1.627486007230991
 1.656613596140565
 1.72010983014312
 1.777946053516511
 1.787221510576751
 1.719506680850855
 1.568690222583706
 1.349813052866558
 1.093071813974673
 0.8363305750827884
 0.6174534053656365
 0.4666369470984945
 0.3989221173725988
 0.4081975744328388
 0.4660337978062259
 0.5295300318087823
 0.5586576207183548
 1.41007852753165
 1.439206116441228
 1.502702350443782
 1.560538573817171
 1.569814030877408
 1.502099201151513
 1.351282742884372
 1.132405573167221
 0.8756643342753343
 0.6189230953834496
 0.4000459256662983
 0.2492294673991552
 0.1815146376732593
 0.1907900947334991
 0.2486263181068865
 0.3121225521094438
 0.3412501410190172
 1.153745269858602
 1.182872858768178
 1.246369092770736
 1.30420531614412
 1.313480773204363
 1.245765943478468
 1.09494948521132
 0.8760723154941737
 0.6193310766022869
 0.362589837710401
 0.1437126679932504
 -0.007103790273892547
 -0.07481861999978852
 -0.06554316293954854
 -0.007706939566161469
 0.05578929443639565
 0.08491688334596938
 0.8974120121855567
 0.9265396010951309
 0.9900358350976877
 1.047872058471075
 1.057147515531315
 0.9894326858054191
 0.8386162275382757
 0.6197390578211247
 0.3629978189292393
 0.1062565800373531
 -0.1126205896797973
 -0.2634370479469401
 -0.3311518776728363
 -0.3218764206125962
 -0.2640401972392092
 -0.200543963236652
 -0.1714163743270779
 0.6800045324862174
 0.7091321213957908
 0.7726283553983485
 0.8304645787717354
 0.8397400358319753
 0.7720252061060796
 0.6212087478389364
 0.4023315781217862
 0.1455903392298999
 -0.1111508996619862
 -0.3300280693791363
 -0.4808445276462799
 -0.5485593573721743
 -0.5392839003119373
 -0.4814476769385484
 -0.4179514429359913
 -0.3888238540264165
 0.534414193256318
 0.5635417821658916
 0.6270380161684487
 0.6848742395418342
 0.6941496966020755
 0.6264348668761799
 0.4756184086090366
 0.256741238891886
 -4.439130269970337e-17
 -0.2567412388918863
 -0.4756184086090371
 -0.6264348668761794
 -0.6941496966020765
 -0.6848742395418349
 -0.6270380161684475
 -0.5635417821658928
 -0.5344141932563174
 0.4823894198706295
 0.5115170087802041
 0.5750132427827609
 0.632849466156147
 0.6421249232163874
 0.5744100934904915
 0.4235936352233486
 0.2047164655061977
 -0.05202477338568817
 -0.3087660122775745
 -0.5276431819947245
 -0.6784596402618668
 -0.746174469987763
 -0.7368990129275239
 -0.6790627895541372
 -0.6155665555515799
 -0.5864389666420055
 0.5312160486221911
 0.5603436375317662
 0.6238398715343217
 0.6816760949077092
 0.6909515519679506
 0.6232367222420535
 0.4724202639749107
 0.2535430942577603
 -0.003198144634125479
 -0.2599393835260113
 -0.4788165532431619
 -0.6296330115103056
 -0.6973478412362012
 -0.6880723841759612
 -0.630236160802575
 -0.5667399268000177
 -0.5376123378904423
 0.6728299295423094
 0.701957518451883
 0.7654537524544383
 0.8232899758278258
 0.8325654328880662
 0.7648506031621702
 0.6140341448950273
 0.395156975177877
 0.1384157362859912
 -0.1183255026058947
 -0.3372026723230459
 -0.488019130590189
 -0.5557339603160829
 -0.5464585032558441
 -0.4886222798824563
 -0.4251260458799
 -0.3959984569703257
 0.8855001146984373
 0.9146277036080102
 0.9781239376105667
 1.035960160983955
 1.045235618044195
 0.9775207883182974
 0.8267043300511553
 0.6078271603340042
 0.3510859214421193
 0.09434468255023332
 -0.124532487166917
 -0.2753489454340595
 -0.3430637751599557
 -0.3337883180997158
 -0.2759520947263288
 -0.2124558607237722
 -0.1833282718141984
 1.137519622640234
 1.166647211549808
 1.230143445552365
 1.287979668925751
 1.297255125985992
 1.229540296260098
 1.078723837992954
 0.859846668275802
 0.603105429383916
 0.3463641904920296
 0.1274870207748795
 -0.02332943749226367
 -0.09104426721815975
 -0.08176881015791952
 -0.02393258678453245
 0.03956364721802451
 0.06869123612759816
 1.024380577847076
 1.05350816675665
 1.117004400759208
 1.174840624132595
 1.184116081192834
 1.116401251466939
 0.9655847931997937
 0.7467076234826437
 0.489966384590758
 0.2332251456988719
 0.01434797598172166
 -0.1364684822854215
 -0.2041833120113173
 -0.1949078549510773
 -0.1370716315776903
 -0.07357539757513305
 -0.04444780866555947
 1.276400085788872
 1.305527674698446
 1.369023908701002
 1.426860132074391
 1.436135589134631
 1.368420759408735
 1.217604301141593
 0.998727131424441
 0.7419858925325554
 0.4852446536406684
 0.2663674839235183
 0.1155510256563752
 0.04783619593047914
 0.05711165299071928
 0.1149478763641064
 0.1784441103666637
 0.2075716992762373
 1.489070270945003
 1.518197859854574
 1.58169409385713
 1.639530317230518
 1.648805774290758
 1.581090944564864
 1.430274486297722
 1.211397316580569
 0.9546560776886825
 0.6979148387967967
 0.479037669079646
 0.3282212108125038
 0.2605063810866072
 0.2697818381468473
 0.327618061520235
 0.3911142955227915
 0.4202418844323652
 1.630684151865118
 1.659811740774692
 1.723307974777249
 1.781144198150637
 1.790419655210874
 1.722704825484978
 1.571888367217835
 1.353011197500684
 1.096269958608798
 0.8395287197169132
 0.6206515499997629
 0.4698350917326202
 0.402120262006724
 0.4113957190669646
 0.4692319424403513
 0.5327281764429083
 0.5618557653524818
 1.679510780616678
 1.708638369526253
 1.772134603528809
 1.829970826902199
 1.839246283962435
 1.77153145423654
 1.620714995969398
 1.401837826252247
 1.145096587360362
 0.8883553484684765
 0.6694781787513252
 0.5186617204841818
 0.4509468907582861
 0.4602223478185266
 0.518058571191913
 0.5815548051944702
 0.6106823941040451
 1.627486007230991
 1.656613596140565
 1.72010983014312
 1.777946053516511
 1.787221510576751
 1.719506680850855
 1.568690222583707
 1.349813052866558
 1.093071813974673
 0.8363305750827884
 0.6174534053656368
 0.4666369470984945
 0.3989221173725987
 0.4081975744328389
 0.466033797806226
 0.5295300318087822
 0.5586576207183545
 1.481895668001093
 1.511023256910664
 1.574519490913222
 1.632355714286607
 1.641631171346853
 1.573916341620953
 1.423099883353808
 1.20422271363666
 0.947481474744775
 0.690740235852888
 0.4718630661357374
 0.3210466078685944
 0.2533317781426986
 0.2626072352029388
 0.3204434585763257
 0.3839396925788823
 0.4130672814884566
 1.264488188301751
 1.293615777211327
 1.357112011213883
 1.414948234587269
 1.424223691647509
 1.356508861921613
 1.20569240365447
 0.986815233937321
 0.7300739950454334
 0.4733327561535493
 0.2544555864363983
 0.1036391281692551
 0.03592429844335893
 0.04519975550359911
 0.1030359788769863
 0.1665322128795435
 0.1956598017891169
 1.008154930628703
 1.037282519538279
 1.100778753540835
 1.158614976914222
 1.167890433974463
 1.100175604248566
 0.949359145981424
 0.7304819762642726
 0.4737407373723866
 0.216999498480501
 -0.001877671236649439
 -0.1526941295037925
 -0.2204089592296888
 -0.2111335021694488
 -0.1532972787960615
 -0.08980104479350451
 -0.06067345588393065
 0.7518216729556563
 0.78094926186523
 0.844445495867788
 0.9022817192411747
 0.9115571763014156
 0.8438423465755188
 0.6930258883083759
 0.4741487185912248
 0.2174074796993391
 -0.03933375919254699
 -0.2582109289096972
 -0.40902738717684
 -0.4767422169027366
 -0.4674667598424969
 -0.4096305364691096
 -0.3461343024665521
 -0.3170067135569788
 0.534414193256318
 0.5635417821658929
 0.6270380161684491
 0.6848742395418362
 0.6941496966020745
 0.6264348668761789
 0.4756184086090367
 0.2567412388918863
 -4.649194440889404e-17
 -0.2567412388918863
 -0.4756184086090368
 -0.6264348668761781
 -0.6941496966020747
 -0.6848742395418354
 -0.6270380161684478
 -0.5635417821658908
 -0.5344141932563184
 0.3888238540264174
 0.417951442935991
 0.4814476769385484
 0.5392839003119366
 0.5485593573721746
 0.48084452764628
 0.330028069379136
 0.111150899661986
 -0.1455903392299
 -0.4023315781217864
 -0.6212087478389371
 -0.7720252061060808
 -0.839740035831975
 -0.830464578771736
 -0.7726283553983481
 -0.7091321213957908
 -0.680004532486216
 0.3367990806407288
 0.365926669550303
 0.4294229035528605
 0.4872591269262466
 0.4965345839864871
 0.4288197542605909
 0.2780032959934482
 0.05912612627629785
 -0.1976151126155881
 -0.4543563515074739
 -0.6732335212246249
 -0.8240499794917674
 -0.8917648092176634
 -0.8824893521574223
 -0.8246531287840363
 -0.7611568947814804
 -0.7320293058719061
 0.385625709392292
 0.4147532983018654
 0.4782495323044226
 0.5360857556778104
 0.5453612127380505
 0.4776463830121538
 0.3268299247450103
 0.1079527550278604
 -0.1487884838640256
 -0.4055297227559115
 -0.6244068924730625
 -0.775223350740205
 -0.8429381804661016
 -0.8336627234058607
 -0.7758265000324732
 -0.7123302660299176
 -0.6832026771203432
 0.527239590312409
 0.5563671792219818
 0.6198634132245399
 0.6776996365979261
 0.6869750936581667
 0.6192602639322694
 0.468443805665128
 0.2495666359479767
 -0.007174602943908922
 -0.2639158418357947
 -0.482793011552945
 -0.6336094698200891
 -0.7013242995459846
 -0.6920488424857428
 -0.6342126191123568
 -0.5707163851097997
 -0.541588796200226
 0.7399097754685351
 0.7690373643781102
 0.8325335983806667
 0.8903698217540543
 0.8996452788142939
 0.831930449088399
 0.6811139908212558
 0.4622368211041054
 0.2054955822122191
 -0.05124565667966685
 -0.2701228263968172
 -0.4209392846639611
 -0.4886541143898571
 -0.479378657329616
 -0.421542433956229
 -0.3580461999536724
 -0.3289186110440983
 0.9919292834103326
 1.021056872319904
 1.084553106322466
 1.142389329695852
 1.151664786756094
 1.083949957030193
 0.933133498763051
 0.7142563290459013
 0.4575150901540165
 0.2007738512621297
 -0.01810331845502071
 -0.168919776722164
 -0.2366346064480599
 -0.2273591493878197
 -0.1695229260144323
 -0.1060266920118755
 -0.07689910310230196
 0.8069730981477371
 0.8361006870573116
 0.8995969210598677
 0.9574331444332541
 0.9667086014934931
 0.898993771767599
 0.7481773135004548
 0.5293001437833056
 0.272558904891419
 0.01581766599953292
 -0.2030595037176177
 -0.3538759619847613
 -0.4215907917106569
 -0.4123153346504164
 -0.3544791112770294
 -0.2909828772744728
 -0.261855288364898
 1.058992606089534
 1.088120194999107
 1.151616429001665
 1.209452652375051
 1.21872810943529
 1.151013279709393
 1.000196821442251
 0.7813196517251016
 0.524578412833215
 0.2678371739413302
 0.04896000422417904
 -0.101856454042964
 -0.1695712837688602
 -0.16029582670862
 -0.1024596033352327
 -0.03896336933267567
 -0.009835780423101962
 1.271662791245662
 1.300790380155237
 1.364286614157791
 1.422122837531182
 1.431398294591417
 1.363683464865523
 1.21286700659838
 0.9939898368812302
 0.7372485979893435
 0.4805073590974576
 0.2616301893803075
 0.1108137311131643
 0.04309890138726804
 0.05237435844750832
 0.1102105818208954
 0.1737068158234522
 0.2028344047330254
 1.413276672165779
 1.442404261075352
 1.505900495077908
 1.563736718451296
 1.573012175511537
 1.505297345785641
 1.354480887518497
 1.135603717801345
 0.8788624789094603
 0.622121240017575
 0.4032440703004236
 0.2524276120332806
 0.1847127823073846
 0.1939882393676249
 0.2518244627410122
 0.3153206967435688
 0.3444482856531418
 1.462103300917337
 1.491230889826912
 1.554727123829469
 1.612563347202861
 1.621838804263099
 1.5541239745372
 1.403307516270057
 1.18443034655291
 0.9276891076610227
 0.6709478687691368
 0.4520706990519858
 0.3012542407848431
 0.2335394110589476
 0.2428148681191873
 0.3006510914925741
 0.3641473254951314
 0.3932749144047057
 1.41007852753165
 1.439206116441228
 1.502702350443782
 1.560538573817171
 1.569814030877408
 1.502099201151513
 1.351282742884372
 1.132405573167221
 0.8756643342753343
 0.6189230953834496
 0.4000459256662983
 0.2492294673991552
 0.1815146376732593
 0.1907900947334991
 0.2486263181068865
 0.3121225521094438
 0.3412501410190172
 1.264488188301751
 1.293615777211327
 1.357112011213883
 1.414948234587269
 1.424223691647509
 1.356508861921613
 1.20569240365447
 0.9868152339373211
 0.7300739950454334
 0.4733327561535492
 0.2544555864363983
 0.1036391281692551
 0.03592429844335893
 0.04519975550359911
 0.1030359788769863
 0.1665322128795435
 0.1956598017891169
 1.047080708602414
 1.076208297511986
 1.139704531514545
 1.19754075488793
 1.206816211948169
 1.139101382222273
 0.9882849239551296
 0.7694077542379817
 0.5126665153460961
 0.2559252764542091
 0.03704810673705899
 -0.1137683515300841
 -0.18148318125598
 -0.17220772419574
 -0.114371500822353
 -0.05087526681979599
 -0.02174767791022218
 0.7907474509293648
 0.8198750398389392
 0.8833712738414965
 0.9412074972148832
 0.9504829542751251
 0.8827681245492272
 0.7319516662820844
 0.5130744965649346
 0.2563332576730477
 -0.0004079812188383913
 -0.2192851509359889
 -0.3701016092031318
 -0.4378164389290278
 -0.4285409818687881
 -0.3707047584954011
 -0.3072085244928438
 -0.2780809355832707
 0.5344141932563164
 0.5635417821658911
 0.6270380161684489
 0.6848742395418357
 0.6941496966020743
 0.6264348668761796
 0.4756184086090362
 0.2567412388918858
 -4.294118229400401e-17
 -0.2567412388918861
 -0.4756184086090364
 -0.6264348668761799
 -0.6941496966020753
 -0.6848742395418371
 -0.6270380161684476
 -0.5635417821658893
 -0.5344141932563182
 0.3170067135569786
 0.3461343024665516
 0.4096305364691095
 0.4674667598424967
 0.4767422169027362
 0.40902738717684
 0.2582109289096968
 0.03933375919254684
 -0.2174074796993392
 -0.4741487185912252
 -0.6930258883083763
 -0.8438423465755193
 -0.911557176301415
 -0.9022817192411746
 -0.8444454958677888
 -0.7809492618652303
 -0.7518216729556583
 0.1714163743270782
 0.2005439632366522
 0.2640401972392089
 0.321876420612596
 0.3311518776728358
 0.2634370479469403
 0.1126205896797971
 -0.1062565800373533
 -0.3629978189292387
 -0.6197390578211239
 -0.8386162275382757
 -0.9894326858054193
 -1.057147515531316
 -1.047872058471077
 -0.9900358350976876
 -0.9265396010951297
 -0.8974120121855576
 0.1193916009413901
 0.1485191898509639
 0.2120154238535209
 0.2698516472269082
 0.2791271042871483
 0.2114122745612522
 0.06059581629410898
 -0.1582813534230411
 -0.4150225923149273
 -0.6717638312068135
 -0.8906410009239643
 -1.041457459191109
 -1.109172288917002
 -1.099896831856763
 -1.042060608483375
 -0.9785643744808177
 -0.9494367855712437
 0.1682182296929526
 0.1973458186025263
 0.260842052605083
 0.3186782759784704
 0.3279537330387109
 0.2602389033128151
 0.1094224450456716
 -0.1094547246714788
 -0.3661959635633646
 -0.6229372024552509
 -0.8418143721724005
 -0.9926308304395446
 -1.060345660165441
 -1.051070203105199
 -0.9932339797318123
 -0.9297377457292548
 -0.9006101568196822
 0.3098321106130688
 0.3389596995226428
 0.4024559335252003
 0.460292156898587
 0.4695676139588268
 0.4018527842329312
 0.2510363259657887
 0.03215915624863781
 -0.2245820826432477
 -0.4813233215351344
 -0.7002004912522852
 -0.851016949519427
 -0.9187317792453236
 -0.9094563221850821
 -0.8516200988116956
 -0.7881238648091387
 -0.7589962758995649
 0.5225022957691968
 0.5516298846787705
 0.6151261186813287
 0.6729623420547148
 0.6822377991149562
 0.61452296938906
 0.463706511121916
 0.2448293414047662
 -0.01191189748711998
 -0.2686531363790068
 -0.4875303060961562
 -0.6383467643632996
 -0.7060615940891961
 -0.6967861370289561
 -0.6389499136555676
 -0.5754536796530105
 -0.5463260907434359
 0.7745218037109938
 0.8036493926205689
 0.867145626623124
 0.9249818499965112
 0.9342573070567509
 0.8665424773308564
 0.7157260190637136
 0.496848849346562
 0.2401076104546767
 -0.01663362843720951
 -0.23551079815436
 -0.3863272564215035
 -0.4540420861473991
 -0.4447666290871584
 -0.3869304057137719
 -0.3234341717112144
 -0.2943065828016417
 0.5506398404746885
 0.5797674293842625
 0.64326366338682
 0.7010998867602064
 0.7103753438204473
 0.6426605140945493
 0.4918440558274071
 0.2729668861102571
 0.01622564721837108
 -0.2405155916735149
 -0.4593927613906643
 -0.6102092196578082
 -0.6779240493837049
 -0.6686485923234639
 -0.610812368950076
 -0.5473161349475194
 -0.5181885460379472
 0.8026593484164867
 0.8317869373260599
 0.8952831713286165
 0.9531193947020022
 0.9623948517622425
 0.8946800220363471
 0.7438635637692056
 0.524986394052053
 0.2682451551601677
 0.01150391626828163
 -0.2073732534488684
 -0.358189711716012
 -0.4259045414419081
 -0.4166290843816673
 -0.3587928610082805
 -0.2952966270057237
 -0.26616903809615
 1.015329533572614
 1.044457122482187
 1.107953356484745
 1.16578957985813
 1.175065036918371
 1.107350207192477
 0.9565337489253313
 0.7376565792081811
 0.4809153403162956
 0.22417410142441
 0.005296931707259351
 -0.1455195265598836
 -0.2132343562857796
 -0.2039588992255396
 -0.1461226758521525
 -0.08262644184959533
 -0.05349885294002168
 1.156943414492729
 1.186071003402302
 1.249567237404858
 1.307403460778247
 1.316678917838486
 1.248964088112592
 1.098147629845447
 0.879270460128298
 0.6225292212364124
 0.3657879823445265
 0.146910812627376
 -0.003905645639767069
 -0.07162047536566316
 -0.06234501830542286
 -0.004508794932035731
 0.05898743907052133
 0.08811502798009485
 1.205770043244295
 1.234897632153863
 1.298393866156422
 1.356230089529812
 1.365505546590049
 1.297790716864155
 1.146974258597011
 0.9280970888798618
 0.6713558499879746
 0.4146146110960887
 0.1957374413789386
 0.04492098311179549
 -0.02279384661410059
 -0.01351838955386037
 0.04431783381952673
 0.1078140678220838
 0.1369416567316576
 1.153745269858602
 1.182872858768178
 1.246369092770736
 1.30420531614412
 1.313480773204364
 1.245765943478468
 1.09494948521132
 0.8760723154941737
 0.6193310766022868
 0.362589837710401
 0.1437126679932504
 -0.007103790273892551
 -0.07481861999978853
 -0.06554316293954854
 -0.007706939566161473
 0.05578929443639565
 0.08491688334596938
 1.008154930628704
 1.037282519538279
 1.100778753540835
 1.158614976914222
 1.167890433974463
 1.100175604248566
 0.9493591459814238
 0.7304819762642726
 0.4737407373723866
 0.216999498480501
 -0.001877671236649452
 -0.1526941295037925
 -0.2204089592296889
 -0.2111335021694488
 -0.1532972787960615
 -0.08980104479350451
 -0.06067345588393062
 0.7907474509293653
 0.8198750398389392
 0.8833712738414965
 0.9412074972148831
 0.9504829542751249
 0.8827681245492272
 0.7319516662820844
 0.5130744965649346
 0.2563332576730477
 -0.0004079812188384066
 -0.2192851509359889
 -0.3701016092031318
 -0.4378164389290278
 -0.4285409818687881
 -0.3707047584954011
 -0.3072085244928438
 -0.2780809355832706
 0.5344141932563177
 0.5635417821658931
 0.6270380161684489
 0.6848742395418348
 0.6941496966020753
 0.6264348668761787
 0.475618408609036
 0.2567412388918856
 3.103528718739756e-18
 -0.2567412388918864
 -0.4756184086090365
 -0.6264348668761789
 -0.694149696602076
 -0.6848742395418372
 -0.6270380161684483
 -0.5635417821658927
 -0.5344141932563187
 0.2780809355832703
 0.3072085244928437
 0.3707047584954009
 0.4285409818687878
 0.4378164389290282
 0.3701016092031315
 0.2192851509359886
 0.0004079812188381259
 -0.2563332576730481
 -0.5130744965649338
 -0.7319516662820843
 -0.8827681245492277
 -0.9504829542751243
 -0.9412074972148833
 -0.8833712738414968
 -0.8198750398389381
 -0.7907474509293657
 0.06067345588393058
 0.08980104479350426
 0.1532972787960614
 0.2111335021694483
 0.2204089592296887
 0.1526941295037924
 0.001877671236649231
 -0.2169994984805013
 -0.4737407373723873
 -0.730481976264273
 -0.9493591459814231
 -1.100175604248564
 -1.167890433974462
 -1.158614976914221
 -1.100778753540836
 -1.03728251953828
 -1.008154930628702
 -0.0849168833459695
 -0.05578929443639569
 0.007706939566161291
 0.06554316293954843
 0.0748186199997883
 0.007103790273892313
 -0.1437126679932507
 -0.3625898377104009
 -0.6193310766022869
 -0.8760723154941743
 -1.094949485211323
 -1.245765943478468
 -1.313480773204364
 -1.304205316144123
 -1.246369092770735
 -1.182872858768176
 -1.153745269858605
 -0.1369416567316573
 -0.1078140678220838
 -0.04431783381952675
 0.0135183895538602
 0.02279384661410039
 -0.0449209831117957
 -0.1957374413789388
 -0.4146146110960889
 -0.6713558499879738
 -0.928097088879862
 -1.146974258597011
 -1.297790716864154
 -1.365505546590048
 -1.356230089529809
 -1.29839386615642
 -1.234897632153864
 -1.205770043244293
 -0.08811502798009478
 -0.05898743907052117
 0.00450879493203567
 0.06234501830542282
 0.071620475365663
 0.003905645639766835
 -0.1469108126273764
 -0.3657879823445268
 -0.6225292212364127
 -0.8792704601282985
 -1.098147629845448
 -1.248964088112592
 -1.316678917838485
 -1.307403460778248
 -1.249567237404861
 -1.186071003402304
 -1.15694341449273
 0.05349885294002177
 0.08262644184959549
 0.1461226758521524
 0.2039588992255396
 0.2132343562857794
 0.1455195265598835
 -0.005296931707259593
 -0.22417410142441
 -0.4809153403162957
 -0.7376565792081821
 -0.9565337489253315
 -1.107350207192477
 -1.175065036918372
 -1.165789579858131
 -1.107953356484742
 -1.044457122482187
 -1.015329533572612
 0.2661690380961501
 0.2952966270057239
 0.3587928610082805
 0.4166290843816682
 0.4259045414419076
 0.3581897117160116
 0.2073732534488685
 -0.01150391626828184
 -0.2682451551601677
 -0.5249863940520542
 -0.7438635637692048
 -0.8946800220363474
 -0.9623948517622437
 -0.9531193947020028
 -0.8952831713286161
 -0.8317869373260601
 -0.8026593484164863
 0.5181885460379454
 0.5473161349475196
 0.6108123689500768
 0.6686485923234641
 0.6779240493837034
 0.6102092196578074
 0.4593927613906647
 0.2405155916735148
 -0.0162256472183713
 -0.2729668861102573
 -0.4918440558274075
 -0.64266051409455
 -0.7103753438204461
 -0.7010998867602061
 -0.6432636633868195
 -0.5797674293842612
 -0.5506398404746876
 0.2943065828016411
 0.3234341717112149
 0.3869304057137713
 0.4447666290871586
 0.4540420861473989
 0.386327256421503
 0.2355107981543596
 0.01663362843720927
 -0.2401076104546771
 -0.4968488493465628
 -0.7157260190637121
 -0.8665424773308563
 -0.9342573070567527
 -0.9249818499965108
 -0.8671456266231238
 -0.803649392620568
 -0.7745218037109945
 0.5463260907434371
 0.5754536796530102
 0.6389499136555682
 0.6967861370289568
 0.7060615940891963
 0.6383467643633002
 0.4875303060961563
 0.2686531363790065
 0.01191189748711975
 -0.2448293414047663
 -0.4637065111219162
 -0.61452296938906
 -0.682237799114957
 -0.6729623420547146
 -0.6151261186813273
 -0.551629884678771
 -0.5225022957691967
 0.7589962758995661
 0.7881238648091381
 0.8516200988116963
 0.9094563221850844
 0.9187317792453227
 0.8510169495194263
 0.700200491252284
 0.4813233215351335
 0.2245820826432481
 -0.03215915624863805
 -0.2510363259657883
 -0.4018527842329318
 -0.4695676139588277
 -0.4602921568985873
 -0.4024559335251998
 -0.3389596995226433
 -0.3098321106130691
 0.9006101568196826
 0.9297377457292556
 0.9932339797318132
 1.0510702031052
 1.06034566016544
 0.9926308304395435
 0.8418143721724011
 0.6229372024552499
 0.3661959635633644
 0.1094547246714785
 -0.1094224450456718
 -0.2602389033128152
 -0.3279537330387109
 -0.3186782759784708
 -0.260842052605083
 -0.1973458186025263
 -0.1682182296929527
 0.9494367855712433
 0.9785643744808178
 1.042060608483377
 1.099896831856762
 1.109172288917004
 1.041457459191106
 0.8906410009239645
 0.6717638312068129
 0.4150225923149274
 0.158281353423041
 -0.06059581629410923
 -0.2114122745612521
 -0.2791271042871487
 -0.269851647226908
 -0.212015423853521
 -0.1485191898509642
 -0.1193916009413902
 0.8974120121855567
 0.9265396010951309
 0.9900358350976881
 1.047872058471075
 1.057147515531315
 0.9894326858054193
 0.8386162275382758
 0.6197390578211247
 0.3629978189292393
 0.106256580037353
 -0.1126205896797973
 -0.2634370479469401
 -0.3311518776728363
 -0.3218764206125962
 -0.2640401972392092
 -0.2005439632366521
 -0.1714163743270779
 0.7518216729556562
 0.78094926186523
 0.844445495867788
 0.9022817192411747
 0.9115571763014154
 0.8438423465755188
 0.6930258883083761
 0.4741487185912248
 0.2174074796993391
 -0.039333759192547
 -0.2582109289096972
 -0.40902738717684
 -0.4767422169027365
 -0.467466759842497
 -0.4096305364691096
 -0.3461343024665521
 -0.3170067135569788
 0.5344141932563163
 0.5635417821658911
 0.6270380161684489
 0.6848742395418357
 0.6941496966020743
 0.6264348668761793
 0.4756184086090363
 0.2567412388918858
 -5.027987574901527e-17
 -0.2567412388918862
 -0.4756184086090364
 -0.6264348668761799
 -0.6941496966020753
 -0.6848742395418371
 -0.6270380161684477
 -0.5635417821658895
 -0.5344141932563179
 0.2780809355832705
 0.3072085244928437
 0.3707047584954009
 0.4285409818687878
 0.4378164389290282
 0.3701016092031316
 0.2192851509359887
 0.0004079812188381199
 -0.2563332576730481
 -0.5130744965649338
 -0.7319516662820844
 -0.8827681245492277
 -0.9504829542751243
 -0.9412074972148833
 -0.8833712738414968
 -0.8198750398389381
 -0.7907474509293657
 0.02174767791022197
 0.05087526681979566
 0.1143715008223529
 0.1722077241957401
 0.1814831812559798
 0.1137683515300835
 -0.03704810673705939
 -0.2559252764542094
 -0.5126665153460968
 -0.769407754237982
 -0.9882849239551311
 -1.139101382222274
 -1.206816211948169
 -1.197540754887933
 -1.139704531514546
 -1.076208297511984
 -1.047080708602418
 -0.1956598017891177
 -0.1665322128795436
 -0.1030359788769864
 -0.04519975550359938
 -0.03592429844335916
 -0.1036391281692555
 -0.2544555864363989
 -0.4733327561535499
 -0.7300739950454358
 -0.9868152339373201
 -1.205692403654469
 -1.356508861921613
 -1.424223691647513
 -1.414948234587269
 -1.357112011213885
 -1.293615777211327
 -1.264488188301753
 -0.3412501410190173
 -0.3121225521094437
 -0.2486263181068865
 -0.1907900947334998
 -0.1815146376732593
 -0.2492294673991555
 -0.4000459256662987
 -0.6189230953834489
 -0.8756643342753334
 -1.132405573167219
 -1.35128274288437
 -1.502099201151514
 -1.56981403087741
 -1.560538573817171
 -1.502702350443783
 -1.439206116441225
 -1.410078527531652
 -0.3932749144047055
 -0.3641473254951317
 -0.3006510914925741
 -0.2428148681191876
 -0.2335394110589474
 -0.3012542407848436
 -0.4520706990519865
 -0.670947868769137
 -0.9276891076610226
 -1.184430346552909
 -1.40330751627006
 -1.554123974537202
 -1.621838804263098
 -1.612563347202857
 -1.554727123829471
 -1.491230889826914
 -1.462103300917339
 -0.3444482856531418
 -0.3153206967435686
 -0.2518244627410117
 -0.193988239367625
 -0.1847127823073845
 -0.2524276120332809
 -0.4032440703004244
 -0.6221212400175735
 -0.8788624789094613
 -1.135603717801348
 -1.354480887518496
 -1.50529734578564
 -1.573012175511536
 -1.563736718451296
 -1.505900495077906
 -1.442404261075352
 -1.413276672165778
 -0.2028344047330259
 -0.1737068158234521
 -0.1102105818208954
 -0.05237435844750837
 -0.04309890138726815
 -0.1108137311131643
 -0.2616301893803077
 -0.4805073590974581
 -0.7372485979893431
 -0.993989836881231
 -1.212867006598379
 -1.363683464865521
 -1.431398294591419
 -1.422122837531183
 -1.364286614157791
 -1.300790380155236
 -1.27166279124566
 0.00983578042310211
 0.03896336933267584
 0.1024596033352327
 0.1602958267086203
 0.1695712837688601
 0.1018564540429639
 -0.04896000422417933
 -0.2678371739413299
 -0.5245784128332158
 -0.7813196517251005
 -1.000196821442253
 -1.151013279709393
 -1.218728109435292
 -1.209452652375051
 -1.151616429001664
 -1.088120194999108
 -1.058992606089532
 0.2618552883648989
 0.2909828772744726
 0.3544791112770297
 0.412315334650416
 0.4215907917106564
 0.3538759619847605
 0.2030595037176173
 -0.01581766599953311
 -0.2725589048914195
 -0.5293001437833056
 -0.7481773135004548
 -0.8989937717675991
 -0.9667086014934952
 -0.9574331444332543
 -0.8995969210598671
 -0.8361006870573109
 -0.8069730981477367
 0.07689910310230196
 0.1060266920118757
 0.1695229260144326
 0.22735914938782
 0.23663460644806
 0.1689197767221636
 0.01810331845502059
 -0.2007738512621299
 -0.4575150901540161
 -0.714256329045902
 -0.9331334987630513
 -1.083949957030194
 -1.151664786756093
 -1.142389329695852
 -1.084553106322464
 -1.021056872319905
 -0.9919292834103329
 0.3289186110440983
 0.3580461999536719
 0.4215424339562284
 0.4793786573296166
 0.4886541143898561
 0.42093928466396
 0.2701228263968171
 0.05124565667966662
 -0.2054955822122193
 -0.4622368211041054
 -0.6811139908212559
 -0.8319304490883969
 -0.8996452788142931
 -0.8903698217540549
 -0.8325335983806663
 -0.7690373643781102
 -0.739909775468535
 0.5415887962002253
 0.5707163851097988
 0.6342126191123574
 0.6920488424857437
 0.7013242995459853
 0.6336094698200887
 0.4827930115529455
 0.2639158418357946
 0.007174602943908824
 -0.2495666359479768
 -0.4684438056651277
 -0.6192602639322694
 -0.6869750936581658
 -0.6776996365979266
 -0.6198634132245383
 -0.5563671792219821
 -0.5272395903124086
 0.6832026771203428
 0.7123302660299179
 0.7758265000324743
 0.8336627234058619
 0.8429381804661011
 0.7752233507402054
 0.6244068924730635
 0.4055297227559116
 0.1487884838640252
 -0.1079527550278606
 -0.3268299247450107
 -0.4776463830121545
 -0.5453612127380499
 -0.5360857556778095
 -0.4782495323044222
 -0.4147532983018657
 -0.3856257093922911
 0.7320293058719055
 0.7611568947814797
 0.8246531287840364
 0.8824893521574233
 0.8917648092176631
 0.8240499794917672
 0.6732335212246245
 0.4543563515074742
 0.1976151126155882
 -0.0591261262762981
 -0.2780032959934485
 -0.4288197542605912
 -0.496534583986488
 -0.4872591269262467
 -0.4294229035528599
 -0.3659266695503028
 -0.3367990806407284
 0.6800045324862174
 0.7091321213957908
 0.7726283553983485
 0.8304645787717354
 0.8397400358319753
 0.7720252061060796
 0.6212087478389364
 0.4023315781217863
 0.1455903392298999
 -0.1111508996619862
 -0.3300280693791363
 -0.4808445276462799
 -0.5485593573721746
 -0.5392839003119373
 -0.4814476769385483
 -0.4179514429359913
 -0.3888238540264165
 0.534414193256318
 0.5635417821658929
 0.6270380161684491
 0.6848742395418362
 0.6941496966020745
 0.6264348668761789
 0.4756184086090367
 0.2567412388918863
 -4.688496769642003e-17
 -0.2567412388918863
 -0.4756184086090368
 -0.6264348668761781
 -0.6941496966020748
 -0.6848742395418354
 -0.6270380161684477
 -0.5635417821658908
 -0.5344141932563184
 0.3170067135569787
 0.3461343024665516
 0.4096305364691095
 0.4674667598424967
 0.4767422169027363
 0.40902738717684
 0.2582109289096968
 0.03933375919254684
 -0.2174074796993392
 -0.4741487185912253
 -0.6930258883083764
 -0.8438423465755192
 -0.911557176301415
 -0.9022817192411746
 -0.8444454958677889
 -0.7809492618652302
 -0.7518216729556582
 0.06067345588393058
 0.08980104479350427
 0.1532972787960614
 0.2111335021694483
 0.2204089592296887
 0.1526941295037924
 0.001877671236649226
 -0.2169994984805013
 -0.4737407373723873
 -0.7304819762642729
 -0.9493591459814231
 -1.100175604248564
 -1.167890433974462
 -1.158614976914221
 -1.100778753540836
 -1.03728251953828
 -1.008154930628702
 -0.1956598017891177
 -0.1665322128795436
 -0.1030359788769864
 -0.04519975550359938
 -0.03592429844335917
 -0.1036391281692555
 -0.2544555864363989
 -0.4733327561535498
 -0.7300739950454358
 -0.9868152339373196
 -1.205692403654469
 -1.356508861921613
 -1.424223691647513
 -1.414948234587268
 -1.357112011213885
 -1.293615777211327
 -1.264488188301753
 -0.4130672814884565
 -0.3839396925788834
 -0.3204434585763255
 -0.262607235202938
 -0.2533317781426982
 -0.321046607868594
 -0.4718630661357371
 -0.6907402358528884
 -0.9474814747447748
 -1.204222713636658
 -1.42309988335381
 -1.573916341620951
 -1.641631171346852
 -1.632355714286607
 -1.57451949091322
 -1.511023256910665
 -1.48189566800109
 -0.5586576207183562
 -0.5295300318087826
 -0.4660337978062261
 -0.4081975744328388
 -0.3989221173725983
 -0.4666369470984941
 -0.6174534053656363
 -0.8363305750827881
 -1.093071813974672
 -1.349813052866559
 -1.568690222583709
 -1.719506680850855
 -1.78722151057675
 -1.777946053516511
 -1.72010983014312
 -1.656613596140566
 -1.627486007230991
 -0.6106823941040448
 -0.5815548051944714
 -0.5180585711919136
 -0.4602223478185262
 -0.4509468907582864
 -0.5186617204841828
 -0.6694781787513254
 -0.8883553484684766
 -1.145096587360363
 -1.401837826252249
 -1.620714995969399
 -1.77153145423654
 -1.839246283962436
 -1.829970826902197
 -1.772134603528811
 -1.708638369526254
 -1.679510780616678
 -0.5618557653524813
 -0.5327281764429077
 -0.4692319424403517
 -0.4113957190669646
 -0.402120262006724
 -0.4698350917326198
 -0.6206515499997635
 -0.839528719716913
 -1.096269958608799
 -1.353011197500687
 -1.571888367217835
 -1.722704825484977
 -1.790419655210872
 -1.781144198150636
 -1.723307974777248
 -1.659811740774691
 -1.630684151865119
 -0.4202418844323653
 -0.3911142955227911
 -0.327618061520235
 -0.2697818381468478
 -0.2605063810866071
 -0.3282212108125035
 -0.4790376690796463
 -0.6979148387967969
 -0.954656077688683
 -1.21139731658057
 -1.430274486297719
 -1.581090944564862
 -1.64880577429076
 -1.639530317230517
 -1.581694093857131
 -1.518197859854572
 -1.489070270944999
 -0.2075716992762373
 -0.1784441103666633
 -0.1149478763641064
 -0.05711165299071919
 -0.04783619593047918
 -0.1155510256563752
 -0.2663674839235188
 -0.4852446536406684
 -0.7419858925325559
 -0.9987271314244416
 -1.217604301141592
 -1.368420759408735
 -1.436135589134631
 -1.426860132074391
 -1.369023908701003
 -1.305527674698447
 -1.276400085788873
 0.04444780866555953
 0.07357539757513337
 0.13707163157769
 0.1949078549510776
 0.2041833120113176
 0.1364684822854211
 -0.01434797598172181
 -0.2332251456988724
 -0.4899663845907584
 -0.7467076234826449
 -0.965584793199794
 -1.116401251466937
 -1.184116081192836
 -1.174840624132595
 -1.117004400759207
 -1.053508166756648
 -1.024380577847075
 -0.06869123612759823
 -0.03956364721802443
 0.02393258678453259
 0.0817688101579196
 0.09104426721815981
 0.02332943749226367
 -0.1274870207748794
 -0.3463641904920295
 -0.6031054293839171
 -0.8598466682758026
 -1.078723837992951
 -1.229540296260097
 -1.297255125985992
 -1.287979668925751
 -1.230143445552363
 -1.166647211549808
 -1.137519622640232
 0.1833282718141983
 0.2124558607237722
 0.2759520947263289
 0.3337883180997162
 0.343063775159956
 0.2753489454340602
 0.1245324871669171
 -0.09434468255023337
 -0.351085921442119
 -0.6078271603340062
 -0.8267043300511552
 -0.9775207883182974
 -1.045235618044196
 -1.035960160983952
 -0.9781239376105668
 -0.9146277036080099
 -0.8855001146984379
 0.395998456970326
 0.4251260458799
 0.488622279882457
 0.5464585032558448
 0.5557339603160836
 0.4880191305901886
 0.3372026723230451
 0.1183255026058947
 -0.1384157362859914
 -0.3951569751778763
 -0.6140341448950272
 -0.764850603162171
 -0.8325654328880663
 -0.8232899758278261
 -0.7654537524544389
 -0.701957518451883
 -0.6728299295423086
 0.5376123378904429
 0.5667399268000172
 0.6302361608025739
 0.6880723841759622
 0.6973478412362014
 0.6296330115103057
 0.4788165532431621
 0.2599393835260115
 0.003198144634125366
 -0.2535430942577604
 -0.4724202639749111
 -0.623236722242054
 -0.6909515519679499
 -0.6816760949077095
 -0.6238398715343219
 -0.5603436375317659
 -0.5312160486221914
 0.5864389666420053
 0.6155665555515799
 0.6790627895541369
 0.7368990129275245
 0.7461744699877635
 0.6784596402618692
 0.527643181994724
 0.3087660122775738
 0.05202477338568798
 -0.2047164655061978
 -0.4235936352233484
 -0.5744100934904907
 -0.6421249232163877
 -0.632849466156147
 -0.5750132427827602
 -0.5115170087802026
 -0.4823894198706291
 0.534414193256318
 0.5635417821658918
 0.6270380161684487
 0.6848742395418344
 0.6941496966020753
 0.6264348668761799
 0.4756184086090366
 0.2567412388918862
 -3.682560441482796e-17
 -0.2567412388918863
 -0.4756184086090371
 -0.6264348668761793
 -0.6941496966020765
 -0.684874239541835
 -0.6270380161684475
 -0.5635417821658929
 -0.5344141932563174
 0.3888238540264174
 0.417951442935991
 0.4814476769385484
 0.5392839003119366
 0.5485593573721746
 0.4808445276462799
 0.3300280693791361
 0.111150899661986
 -0.1455903392299
 -0.4023315781217864
 -0.6212087478389371
 -0.7720252061060808
 -0.839740035831975
 -0.830464578771736
 -0.7726283553983481
 -0.7091321213957911
 -0.6800045324862161
 0.1714163743270782
 0.2005439632366521
 0.2640401972392089
 0.321876420612596
 0.3311518776728358
 0.2634370479469403
 0.112620589679797
 -0.1062565800373533
 -0.3629978189292388
 -0.619739057821124
 -0.8386162275382757
 -0.9894326858054194
 -1.057147515531316
 -1.047872058471077
 -0.9900358350976876
 -0.9265396010951297
 -0.8974120121855576
 -0.08491688334596949
 -0.05578929443639568
 0.007706939566161294
 0.06554316293954843
 0.07481861999978832
 0.007103790273892324
 -0.1437126679932507
 -0.3625898377104009
 -0.6193310766022874
 -0.8760723154941743
 -1.094949485211322
 -1.245765943478468
 -1.313480773204364
 -1.304205316144124
 -1.246369092770735
 -1.182872858768176
 -1.153745269858605
 -0.3412501410190172
 -0.3121225521094437
 -0.2486263181068865
 -0.1907900947334997
 -0.1815146376732593
 -0.2492294673991555
 -0.4000459256662988
 -0.6189230953834488
 -0.8756643342753335
 -1.132405573167219
 -1.35128274288437
 -1.502099201151515
 -1.56981403087741
 -1.560538573817171
 -1.502702350443783
 -1.439206116441226
 -1.410078527531652
 -0.558657620718356
 -0.5295300318087823
 -0.4660337978062261
 -0.4081975744328388
 -0.3989221173725982
 -0.4666369470984941
 -0.6174534053656363
 -0.8363305750827882
 -1.093071813974672
 -1.349813052866559
 -1.568690222583709
 -1.719506680850854
 -1.78722151057675
 -1.777946053516511
 -1.72010983014312
 -1.656613596140566
 -1.627486007230991
 -0.7042479599482567
 -0.6751203710386829
 -0.6116241370361256
 -0.5537879136627406
 -0.5445124566024977
 -0.6122272863283947
 -0.7630437445955364
 -0.9819209143126884
 -1.238662153204573
 -1.495403392096458
 -1.714280561813611
 -1.865097020080752
 -1.932811849806648
 -1.923536392746409
 -1.865700169373022
 -1.802203935370467
 -1.773076346460894
 -0.756272733333945
 -0.72714514442437
 -0.6636489104218131
 -0.6058126870484263
 -0.5965372299881857
 -0.6642520597140813
 -0.8150685179812256
 -1.033945687698377
 -1.290686926590262
 -1.547428165482148
 -1.766305335199298
 -1.917121793466442
 -1.984836623192338
 -1.975561166132097
 -1.917724942758712
 -1.854228708756157
 -1.825101119846579
 -0.7074461045823812
 -0.6783185156728073
 -0.6148222816702502
 -0.5569860582968654
 -0.5477106012366239
 -0.6154254309625198
 -0.7662418892296639
 -0.9851190589468121
 -1.241860297838699
 -1.498601536730584
 -1.717478706447736
 -1.86829516471488
 -1.936009994440775
 -1.926734537380534
 -1.868898314007146
 -1.80540208000459
 -1.776274491095014
 -0.5658322236622653
 -0.5367046347526915
 -0.4732084007501351
 -0.415372177376747
 -0.4060967203165072
 -0.4738115500424029
 -0.6246280083095461
 -0.843505178026697
 -1.100246416918583
 -1.356987655810471
 -1.575864825527618
 -1.726681283794763
 -1.794396113520658
 -1.78512065646042
 -1.727284433087033
 -1.663788199084473
 -1.6346606101749
 -0.353162038506137
 -0.3240344495965634
 -0.260538215594007
 -0.2027019922206192
 -0.1934265351603789
 -0.2611413648862752
 -0.4119578231534185
 -0.6308349928705694
 -0.8875762317624551
 -1.144317470654344
 -1.363194640371491
 -1.514011098638634
 -1.581725928364531
 -1.572450471304289
 -1.514614247930901
 -1.451118013928344
 -1.421990425018772
 -0.1011425305643406
 -0.07201494165476668
 -0.008518707652209781
 0.04931751572117731
 0.05859297278141742
 -0.009121856944478715
 -0.1599383152116218
 -0.3788154849287726
 -0.6355567238206578
 -0.8922979627125446
 -1.111175132429693
 -1.261991590696841
 -1.329706420422733
 -1.32043096336249
 -1.262594739989105
 -1.199098505986549
 -1.169970917076976
 -0.120716009513286
 -0.0915884206037126
 -0.02809218660115546
 0.0297440367722316
 0.03901949383247173
 -0.02869533589342432
 -0.1795117941605675
 -0.3983889638777177
 -0.6551302027696043
 -0.91187144166149
 -1.130748611378642
 -1.281565069645784
 -1.349279899371679
 -1.340004442311441
 -1.282168218938052
 -1.218671984935497
 -1.189544396025922
 0.1313034984285106
 0.1604310873380842
 0.2239273213406409
 0.2817635447140286
 0.2910390017742682
 0.2233241720483722
 0.07250771378122921
 -0.1463694559359215
 -0.4031106948278079
 -0.6598519337196951
 -0.8787291034368441
 -1.029545561703985
 -1.097260391429883
 -1.087984934369644
 -1.030148710996257
 -0.9666524769936989
 -0.937524888084124
 0.3439736835846383
 0.3731012724942116
 0.4365975064967687
 0.4944337298701571
 0.5037091869303962
 0.4359943572045004
 0.2851778989373571
 0.06630072922020673
 -0.1904405096716794
 -0.4471817485635654
 -0.6660589182807152
 -0.8168753765478586
 -0.8845902062737552
 -0.8753147492135148
 -0.8174785258401275
 -0.7539822918375704
 -0.724854702927996
 0.4855875645047544
 0.5147151534143285
 0.5782113874168864
 0.6360476107902727
 0.6453230678505139
 0.5776082381246159
 0.4267917798574735
 0.2079146101403234
 -0.04882662875156261
 -0.3055678676434486
 -0.5244450373605979
 -0.6752614956277425
 -0.7429763253536373
 -0.7337008682933984
 -0.6758646449200111
 -0.6123684109174533
 -0.5832408220078793
 0.5344141932563174
 0.5635417821658905
 0.6270380161684485
 0.6848742395418354
 0.6941496966020746
 0.6264348668761804
 0.4756184086090362
 0.2567412388918862
 -3.695774155459963e-17
 -0.256741238891886
 -0.4756184086090368
 -0.6264348668761793
 -0.6941496966020757
 -0.6848742395418357
 -0.6270380161684472
 -0.5635417821658901
 -0.5344141932563176
 0.4823894198706295
 0.5115170087802039
 0.5750132427827609
 0.632849466156147
 0.6421249232163874
 0.5744100934904915
 0.4235936352233485
 0.2047164655061977
 -0.05202477338568818
 -0.3087660122775745
 -0.5276431819947244
 -0.678459640261867
 -0.746174469987763
 -0.7368990129275239
 -0.6790627895541371
 -0.6155665555515799
 -0.5864389666420055
 0.3367990806407288
 0.3659266695503029
 0.4294229035528605
 0.4872591269262466
 0.496534583986487
 0.4288197542605909
 0.2780032959934482
 0.05912612627629785
 -0.1976151126155881
 -0.4543563515074739
 -0.6732335212246249
 -0.8240499794917677
 -0.8917648092176634
 -0.8824893521574223
 -0.8246531287840363
 -0.7611568947814804
 -0.7320293058719061
 0.1193916009413901
 0.1485191898509639
 0.2120154238535209
 0.2698516472269082
 0.2791271042871483
 0.2114122745612521
 0.06059581629410897
 -0.1582813534230411
 -0.4150225923149273
 -0.6717638312068135
 -0.8906410009239643
 -1.041457459191109
 -1.109172288917002
 -1.099896831856763
 -1.042060608483375
 -0.9785643744808176
 -0.9494367855712437
 -0.1369416567316574
 -0.1078140678220838
 -0.04431783381952676
 0.0135183895538602
 0.0227938466141004
 -0.0449209831117957
 -0.1957374413789389
 -0.4146146110960889
 -0.6713558499879738
 -0.928097088879862
 -1.146974258597011
 -1.297790716864155
 -1.365505546590048
 -1.35623008952981
 -1.29839386615642
 -1.234897632153864
 -1.205770043244293
 -0.3932749144047055
 -0.3641473254951317
 -0.3006510914925741
 -0.2428148681191875
 -0.2335394110589473
 -0.3012542407848436
 -0.4520706990519865
 -0.670947868769137
 -0.9276891076610226
 -1.184430346552909
 -1.40330751627006
 -1.554123974537202
 -1.621838804263098
 -1.612563347202857
 -1.554727123829471
 -1.491230889826914
 -1.462103300917339
 -0.6106823941040453
 -0.5815548051944713
 -0.5180585711919133
 -0.4602223478185263
 -0.4509468907582864
 -0.5186617204841828
 -0.6694781787513254
 -0.8883553484684766
 -1.145096587360363
 -1.40183782625225
 -1.620714995969399
 -1.771531454236541
 -1.839246283962436
 -1.829970826902197
 -1.772134603528811
 -1.708638369526254
 -1.679510780616678
 -0.756272733333945
 -0.7271451444243701
 -0.6636489104218131
 -0.6058126870484265
 -0.5965372299881856
 -0.6642520597140813
 -0.8150685179812256
 -1.033945687698377
 -1.290686926590262
 -1.547428165482148
 -1.766305335199298
 -1.917121793466441
 -1.984836623192338
 -1.975561166132098
 -1.917724942758712
 -1.854228708756157
 -1.825101119846579
 -0.8082975067196324
 -0.7791699178100598
 -0.7156736838075034
 -0.6578374604341152
 -0.6485620033738744
 -0.7162768330997699
 -0.867093291366912
 -1.085970461084065
 -1.342711699975951
 -1.599452938867835
 -1.818330108584987
 -1.969146566852132
 -2.036861396578024
 -2.027585939517787
 -1.969749716144397
 -1.906253482141843
 -1.877125893232265
 -0.7594708779680698
 -0.7303432890584952
 -0.6668470550559391
 -0.6090108316825514
 -0.5997353746223111
 -0.6674502043482082
 -0.8182666626153524
 -1.0371438323325
 -1.293885071224388
 -1.550626310116275
 -1.769503479833423
 -1.920319938100568
 -1.988034767826463
 -1.978759310766226
 -1.920923087392836
 -1.857426853390277
 -1.828299264480706
 -0.6178569970479542
 -0.5887294081383796
 -0.525233174135822
 -0.4673969507624354
 -0.4581214937021948
 -0.5258363234280908
 -0.6766527816952347
 -0.895529951412384
 -1.152271190304269
 -1.409012429196156
 -1.62788959891331
 -1.778706057180448
 -1.846420886906346
 -1.837145429846106
 -1.77930920647272
 -1.715812972470163
 -1.686685383560589
 -0.4051868118918248
 -0.3760592229822519
 -0.3125629889796943
 -0.2547267656063075
 -0.2454513085460673
 -0.3131661382719638
 -0.4639825965391064
 -0.6828597662562575
 -0.9396010051481422
 -1.196342244040028
 -1.41521941375718
 -1.566035872024322
 -1.633750701750218
 -1.624475244689978
 -1.566639021316592
 -1.503142787314034
 -1.474015198404462
 -0.1531673039500286
 -0.1240397150404548
 -0.06054348103789786
 -0.002707257664510796
 0.006568199395729364
 -0.06114663033016668
 -0.2119630885973097
 -0.4308402583144605
 -0.6875814972063455
 -0.9443227360982331
 -1.163199905815385
 -1.314016364082526
 -1.38173119380842
 -1.372455736748182
 -1.314619513374793
 -1.251123279372238
 -1.221995690462664
 -0.07188938076172353
 -0.04276179185214975
 0.02073444215040721
 0.07857066552379421
 0.08784612258403438
 0.02013129285813837
 -0.130685165409005
 -0.3495623351261554
 -0.6063035740180417
 -0.8630448129099275
 -1.08192198262708
 -1.232738440894221
 -1.300453270620116
 -1.291177813559878
 -1.233341590186489
 -1.169845356183932
 -1.140717767274358
 0.1801301271800731
 0.2092577160896467
 0.2727539500922035
 0.3305901734655906
 0.3398656305258307
 0.2721508007999351
 0.1213343425327918
 -0.09754282718435868
 -0.3542840660762448
 -0.6110253049681303
 -0.829902474685281
 -0.9807189329524237
 -1.048433762678319
 -1.039158305618084
 -0.9813220822446924
 -0.917825848242137
 -0.8886982593325632
 0.3928003123362017
 0.4219279012457753
 0.4854241352483324
 0.5432603586217177
 0.55253581568196
 0.4848209859560633
 0.3340045276889202
 0.1151273579717695
 -0.1416138809201169
 -0.3983551198120034
 -0.6172322895291529
 -0.7680487477962954
 -0.8357635775221925
 -0.8264881204619515
 -0.7686518970885661
 -0.7051556630860062
 -0.6760280741764354
 0.5344141932563172
 0.5635417821658925
 0.6270380161684478
 0.6848742395418347
 0.694149696602075
 0.6264348668761797
 0.4756184086090366
 0.2567412388918859
 -1.060485249962384e-17
 -0.2567412388918862
 -0.4756184086090368
 -0.6264348668761797
 -0.6941496966020757
 -0.6848742395418351
 -0.6270380161684473
 -0.5635417821658916
 -0.5344141932563161
 0.5832408220078809
 0.6123684109174534
 0.6758646449200112
 0.7337008682933985
 0.7429763253536389
 0.6752614956277418
 0.5244450373605993
 0.3055678676434488
 0.04882662875156256
 -0.2079146101403234
 -0.4267917798574742
 -0.5776082381246163
 -0.6453230678505134
 -0.636047610790273
 -0.5782113874168863
 -0.5147151534143286
 -0.4855875645047547
 0.5312160486221911
 0.5603436375317661
 0.6238398715343217
 0.6816760949077092
 0.6909515519679506
 0.6232367222420535
 0.4724202639749108
 0.2535430942577603
 -0.003198144634125484
 -0.2599393835260113
 -0.4788165532431619
 -0.6296330115103056
 -0.6973478412362012
 -0.6880723841759612
 -0.630236160802575
 -0.5667399268000177
 -0.5376123378904423
 0.385625709392292
 0.4147532983018653
 0.4782495323044225
 0.53608575567781
 0.5453612127380505
 0.4776463830121539
 0.3268299247450102
 0.1079527550278604
 -0.1487884838640256
 -0.4055297227559115
 -0.6244068924730625
 -0.7752233507402051
 -0.8429381804661017
 -0.8336627234058608
 -0.7758265000324733
 -0.7123302660299174
 -0.6832026771203432
 0.1682182296929525
 0.1973458186025263
 0.260842052605083
 0.3186782759784704
 0.327953733038711
 0.2602389033128151
 0.1094224450456715
 -0.1094547246714788
 -0.3661959635633646
 -0.6229372024552507
 -0.8418143721724005
 -0.9926308304395447
 -1.060345660165441
 -1.051070203105199
 -0.9932339797318124
 -0.9297377457292548
 -0.9006101568196822
 -0.08811502798009482
 -0.05898743907052122
 0.004508794932035663
 0.06234501830542282
 0.07162047536566304
 0.003905645639766848
 -0.1469108126273764
 -0.3657879823445268
 -0.6225292212364127
 -0.8792704601282986
 -1.098147629845447
 -1.248964088112592
 -1.316678917838485
 -1.307403460778248
 -1.249567237404861
 -1.186071003402304
 -1.15694341449273
 -0.3444482856531419
 -0.3153206967435686
 -0.2518244627410117
 -0.193988239367625
 -0.1847127823073845
 -0.2524276120332808
 -0.4032440703004244
 -0.6221212400175736
 -0.8788624789094613
 -1.135603717801348
 -1.354480887518496
 -1.505297345785641
 -1.573012175511536
 -1.563736718451296
 -1.505900495077907
 -1.442404261075353
 -1.413276672165778
 -0.5618557653524816
 -0.5327281764429079
 -0.4692319424403517
 -0.4113957190669646
 -0.4021202620067238
 -0.4698350917326198
 -0.6206515499997635
 -0.8395287197169131
 -1.0962699586088
 -1.353011197500687
 -1.571888367217835
 -1.722704825484977
 -1.790419655210872
 -1.781144198150636
 -1.723307974777248
 -1.659811740774691
 -1.630684151865119
 -0.7074461045823812
 -0.6783185156728073
 -0.61482228167025
 -0.5569860582968653
 -0.5477106012366239
 -0.6154254309625197
 -0.7662418892296639
 -0.9851190589468121
 -1.241860297838699
 -1.498601536730584
 -1.717478706447736
 -1.86829516471488
 -1.936009994440775
 -1.926734537380534
 -1.868898314007146
 -1.80540208000459
 -1.776274491095015
 -0.7594708779680696
 -0.7303432890584952
 -0.6668470550559391
 -0.6090108316825514
 -0.5997353746223111
 -0.6674502043482082
 -0.8182666626153524
 -1.0371438323325
 -1.293885071224388
 -1.550626310116275
 -1.769503479833424
 -1.920319938100568
 -1.988034767826462
 -1.978759310766226
 -1.920923087392836
 -1.857426853390278
 -1.828299264480705
 -0.7106442492165073
 -0.6815166603069325
 -0.618020426304376
 -0.5601842029309888
 -0.550908745870749
 -0.6186235755966465
 -0.7694400338637873
 -0.9883172035809409
 -1.245058442472825
 -1.501799681364711
 -1.720676851081862
 -1.871493309349006
 -1.939208139074897
 -1.929932682014662
 -1.872096458641273
 -1.808600224638717
 -1.779472635729141
 -0.5690303682963904
 -0.5399027793868172
 -0.4764065453842596
 -0.4185703220108732
 -0.4092948649506323
 -0.4770096946765295
 -0.6278261529436716
 -0.8467033226608226
 -1.103444561552708
 -1.360185800444594
 -1.579062970161745
 -1.729879428428889
 -1.797594258154781
 -1.788318801094543
 -1.730482577721156
 -1.666986343718603
 -1.637858754809026
 -0.356360183140262
 -0.3272325942306888
 -0.2637363602281327
 -0.2059001368547447
 -0.1966246797945044
 -0.2643395095204012
 -0.4151559677875437
 -0.6340331375046948
 -0.8907743763965805
 -1.147515615288467
 -1.366392785005615
 -1.517209243272761
 -1.584924072998656
 -1.575648615938416
 -1.51781239256503
 -1.454316158562474
 -1.425188569652896
 -0.104340675198466
 -0.07521308628889209
 -0.01171685228633523
 0.04611937108705183
 0.05539482814729193
 -0.01232000157860406
 -0.1631364598457474
 -0.3820136295628976
 -0.638754868454784
 -0.8954961073466695
 -1.114373277063822
 -1.265189735330961
 -1.332904565056861
 -1.323629107996618
 -1.265792884623232
 -1.202296650620677
 -1.173169061711102
 0.06972450015839336
 0.09885208906796694
 0.1623483230705241
 0.2201845464439109
 0.229460003504151
 0.161745173778255
 0.01092871551111181
 -0.2079484542060384
 -0.4646896930979239
 -0.72143093198981
 -0.9403081017069608
 -1.091124559974104
 -1.158839389700001
 -1.14956393263976
 -1.091727709266374
 -1.028231475263817
 -0.9991038863542444
 0.3217440081001893
 0.350871597009764
 0.4143678310123202
 0.4722040543857074
 0.4814795114459479
 0.4137646817200512
 0.2629482234529084
 0.044071053735758
 -0.2126701851561282
 -0.4694114240480138
 -0.688288593765164
 -0.8391050520323077
 -0.9068198817582044
 -0.8975444246979635
 -0.8397082013245776
 -0.7762119673220196
 -0.7470843784124455
 0.5344141932563184
 0.5635417821658926
 0.6270380161684489
 0.6848742395418354
 0.6941496966020753
 0.6264348668761816
 0.4756184086090372
 0.2567412388918862
 4.228388472693467e-17
 -0.2567412388918862
 -0.4756184086090364
 -0.626434866876181
 -0.694149696602076
 -0.6848742395418356
 -0.6270380161684477
 -0.5635417821658917
 -0.5344141932563171
 0.6760280741764352
 0.7051556630860086
 0.7686518970885658
 0.8264881204619521
 0.8357635775221915
 0.7680487477962958
 0.617232289529154
 0.3983551198120029
 0.1416138809201168
 -0.1151273579717695
 -0.3340045276889198
 -0.4848209859560628
 -0.5525358156819589
 -0.5432603586217186
 -0.485424135248332
 -0.4219279012457746
 -0.3928003123362007
 0.7248547029279964
 0.7539822918375705
 0.817478525840127
 0.8753147492135143
 0.8845902062737552
 0.8168753765478581
 0.6660589182807145
 0.4471817485635655
 0.1904405096716792
 -0.06630072922020673
 -0.2851778989373572
 -0.4359943572045005
 -0.5037091869303971
 -0.4944337298701566
 -0.4365975064967683
 -0.3731012724942117
 -0.3439736835846382
 0.6728299295423094
 0.701957518451883
 0.7654537524544384
 0.823289975827826
 0.8325654328880661
 0.7648506031621701
 0.6140341448950274
 0.395156975177877
 0.1384157362859912
 -0.1183255026058947
 -0.3372026723230459
 -0.4880191305901888
 -0.5557339603160829
 -0.546458503255844
 -0.4886222798824564
 -0.4251260458799
 -0.3959984569703257
 0.5272395903124089
 0.5563671792219818
 0.6198634132245399
 0.6776996365979261
 0.6869750936581667
 0.6192602639322694
 0.468443805665128
 0.2495666359479767
 -0.00717460294390892
 -0.2639158418357947
 -0.482793011552945
 -0.6336094698200891
 -0.7013242995459846
 -0.6920488424857428
 -0.6342126191123568
 -0.5707163851097997
 -0.541588796200226
 0.3098321106130688
 0.3389596995226428
 0.4024559335252003
 0.4602921568985872
 0.469567613958827
 0.401852784232931
 0.2510363259657887
 0.0321591562486378
 -0.2245820826432477
 -0.4813233215351344
 -0.7002004912522853
 -0.851016949519427
 -0.9187317792453236
 -0.9094563221850821
 -0.851620098811696
 -0.7881238648091387
 -0.7589962758995646
 0.05349885294002176
 0.08262644184959544
 0.1461226758521524
 0.2039588992255396
 0.2132343562857793
 0.1455195265598835
 -0.005296931707259586
 -0.22417410142441
 -0.4809153403162957
 -0.7376565792081818
 -0.9565337489253315
 -1.107350207192477
 -1.175065036918372
 -1.165789579858131
 -1.107953356484742
 -1.044457122482187
 -1.015329533572612
 -0.2028344047330259
 -0.1737068158234522
 -0.1102105818208954
 -0.05237435844750837
 -0.04309890138726815
 -0.1108137311131643
 -0.2616301893803076
 -0.4805073590974581
 -0.7372485979893431
 -0.993989836881231
 -1.212867006598379
 -1.363683464865521
 -1.431398294591419
 -1.422122837531183
 -1.364286614157791
 -1.300790380155236
 -1.27166279124566
 -0.4202418844323653
 -0.3911142955227911
 -0.327618061520235
 -0.2697818381468478
 -0.2605063810866071
 -0.3282212108125034
 -0.4790376690796462
 -0.6979148387967969
 -0.954656077688683
 -1.211397316580569
 -1.430274486297719
 -1.581090944564862
 -1.648805774290761
 -1.639530317230517
 -1.581694093857132
 -1.518197859854573
 -1.489070270944999
 -0.5658322236622652
 -0.5367046347526915
 -0.4732084007501351
 -0.415372177376747
 -0.4060967203165071
 -0.4738115500424028
 -0.6246280083095461
 -0.8435051780266969
 -1.100246416918583
 -1.356987655810471
 -1.575864825527618
 -1.726681283794763
 -1.794396113520659
 -1.78512065646042
 -1.727284433087033
 -1.663788199084474
 -1.6346606101749
 -0.6178569970479539
 -0.5887294081383796
 -0.525233174135822
 -0.4673969507624354
 -0.4581214937021948
 -0.5258363234280908
 -0.6766527816952347
 -0.8955299514123839
 -1.152271190304269
 -1.409012429196155
 -1.62788959891331
 -1.778706057180448
 -1.846420886906346
 -1.837145429846107
 -1.77930920647272
 -1.715812972470163
 -1.686685383560589
 -0.5690303682963904
 -0.5399027793868173
 -0.4764065453842595
 -0.4185703220108732
 -0.4092948649506323
 -0.4770096946765294
 -0.6278261529436715
 -0.8467033226608226
 -1.103444561552708
 -1.360185800444594
 -1.579062970161745
 -1.729879428428889
 -1.797594258154781
 -1.788318801094543
 -1.730482577721156
 -1.666986343718603
 -1.637858754809027
 -0.4274164873762731
 -0.3982888984667002
 -0.3347926644641436
 -0.276956441090756
 -0.267680984030516
 -0.3353958137564127
 -0.4862122720235552
 -0.7050894417407071
 -0.9618306806325915
 -1.218571919524479
 -1.437449089241627
 -1.588265547508768
 -1.655980377234668
 -1.646704920174426
 -1.588868696801041
 -1.525372462798483
 -1.49624487388891
 -0.2147463022201455
 -0.1856187133105717
 -0.1221224793080153
 -0.06428625593462815
 -0.05501079887438786
 -0.1227256286002841
 -0.2735420868674271
 -0.4924192565845784
 -0.7491604954764632
 -1.005901734368351
 -1.224778904085498
 -1.375595362352643
 -1.443310192078541
 -1.434034735018298
 -1.376198511644913
 -1.312702277642355
 -1.283574688732784
 0.03727320572165088
 0.06640079463122457
 0.1298970286337816
 0.1877332520071685
 0.1970087090674086
 0.1292938793415124
 -0.02152257892563061
 -0.240399748642781
 -0.4971409875346672
 -0.753882226426553
 -0.9727593961437033
 -1.123575854410847
 -1.191290684136743
 -1.182015227076503
 -1.124179003703118
 -1.06068276970056
 -1.031555180790988
 0.2823946853145213
 0.3115222742240958
 0.3750185082266518
 0.432854731600039
 0.4421301886602789
 0.3744153589343835
 0.22359890066724
 0.004721730950089528
 -0.2520195079417963
 -0.5087607468336834
 -0.7276379165508331
 -0.8784543748179753
 -0.9461692045438728
 -0.9368937474836314
 -0.8790575241102447
 -0.8155612901076889
 -0.7864337011981141
 0.5344141932563168
 0.5635417821658913
 0.6270380161684487
 0.6848742395418361
 0.6941496966020754
 0.6264348668761796
 0.4756184086090363
 0.2567412388918859
 1.735401102334611e-17
 -0.2567412388918859
 -0.4756184086090361
 -0.6264348668761786
 -0.6941496966020748
 -0.6848742395418348
 -0.6270380161684478
 -0.563541782165892
 -0.5344141932563171
 0.7470843784124467
 0.7762119673220202
 0.839708201324577
 0.8975444246979644
 0.9068198817582043
 0.8391050520323078
 0.6882885937651653
 0.4694114240480144
 0.212670185156128
 -0.0440710537357579
 -0.262948223452908
 -0.4137646817200516
 -0.4814795114459471
 -0.4722040543857071
 -0.4143678310123199
 -0.3508715970097637
 -0.3217440081001889
 0.8886982593325634
 0.917825848242137
 0.9813220822446947
 1.039158305618082
 1.048433762678323
 0.9807189329524242
 0.8299024746852821
 0.6110253049681309
 0.3542840660762455
 0.0975428271843588
 -0.1213343425327915
 -0.2721508007999349
 -0.3398656305258306
 -0.3305901734655899
 -0.2727539500922035
 -0.2092577160896467
 -0.1801301271800728
 0.9375248880841245
 0.966652476993699
 1.030148710996254
 1.087984934369642
 1.097260391429883
 1.029545561703984
 0.8787291034368444
 0.6598519337196944
 0.4031106948278075
 0.1463694559359213
 -0.07250771378122896
 -0.2233241720483722
 -0.2910390017742676
 -0.2817635447140281
 -0.2239273213406412
 -0.160431087338084
 -0.1313034984285105
 0.885500114698437
 0.9146277036080102
 0.978123937610567
 1.035960160983955
 1.045235618044195
 0.9775207883182977
 0.826704330051155
 0.6078271603340042
 0.3510859214421193
 0.09434468255023332
 -0.124532487166917
 -0.2753489454340594
 -0.3430637751599557
 -0.3337883180997158
 -0.2759520947263288
 -0.2124558607237722
 -0.1833282718141983
 0.7399097754685351
 0.7690373643781098
 0.8325335983806667
 0.8903698217540543
 0.8996452788142939
 0.8319304490883985
 0.681113990821256
 0.4622368211041054
 0.2054955822122191
 -0.05124565667966685
 -0.2701228263968172
 -0.4209392846639611
 -0.4886541143898572
 -0.4793786573296159
 -0.4215424339562291
 -0.3580461999536724
 -0.3289186110440981
 0.5225022957691968
 0.5516298846787704
 0.6151261186813286
 0.6729623420547148
 0.6822377991149562
 0.6145229693890599
 0.463706511121916
 0.2448293414047662
 -0.01191189748711998
 -0.2686531363790067
 -0.4875303060961562
 -0.6383467643632996
 -0.7060615940891961
 -0.6967861370289561
 -0.6389499136555676
 -0.5754536796530108
 -0.5463260907434357
 0.2661690380961501
 0.2952966270057239
 0.3587928610082805
 0.4166290843816681
 0.4259045414419076
 0.3581897117160116
 0.2073732534488686
 -0.01150391626828183
 -0.2682451551601677
 -0.524986394052054
 -0.7438635637692049
 -0.8946800220363474
 -0.9623948517622436
 -0.9531193947020028
 -0.8952831713286161
 -0.83178693732606
 -0.8026593484164866
 0.009835780423102108
 0.03896336933267584
 0.1024596033352327
 0.1602958267086202
 0.1695712837688601
 0.1018564540429639
 -0.04896000422417929
 -0.2678371739413299
 -0.5245784128332158
 -0.7813196517251007
 -1.000196821442252
 -1.151013279709393
 -1.218728109435292
 -1.209452652375051
 -1.151616429001664
 -1.088120194999108
 -1.058992606089532
 -0.2075716992762373
 -0.1784441103666632
 -0.1149478763641064
 -0.05711165299071919
 -0.04783619593047918
 -0.1155510256563752
 -0.2663674839235189
 -0.4852446536406684
 -0.7419858925325561
 -0.9987271314244416
 -1.217604301141592
 -1.368420759408735
 -1.436135589134631
 -1.426860132074391
 -1.369023908701003
 -1.305527674698447
 -1.276400085788873
 -0.353162038506137
 -0.3240344495965635
 -0.260538215594007
 -0.2027019922206192
 -0.1934265351603789
 -0.2611413648862752
 -0.4119578231534186
 -0.6308349928705695
 -0.8875762317624551
 -1.144317470654344
 -1.363194640371492
 -1.514011098638634
 -1.581725928364531
 -1.572450471304289
 -1.514614247930901
 -1.451118013928344
 -1.421990425018772
 -0.4051868118918248
 -0.3760592229822519
 -0.3125629889796943
 -0.2547267656063075
 -0.2454513085460674
 -0.3131661382719638
 -0.4639825965391062
 -0.6828597662562575
 -0.939601005148142
 -1.196342244040028
 -1.415219413757181
 -1.566035872024322
 -1.633750701750218
 -1.624475244689978
 -1.566639021316592
 -1.503142787314034
 -1.474015198404462
 -0.356360183140262
 -0.3272325942306888
 -0.2637363602281327
 -0.2059001368547447
 -0.1966246797945044
 -0.2643395095204012
 -0.4151559677875437
 -0.634033137504695
 -0.8907743763965804
 -1.147515615288467
 -1.366392785005615
 -1.517209243272761
 -1.584924072998656
 -1.575648615938416
 -1.51781239256503
 -1.454316158562473
 -1.425188569652896
 -0.2147463022201455
 -0.1856187133105717
 -0.1221224793080153
 -0.06428625593462815
 -0.05501079887438786
 -0.1227256286002841
 -0.2735420868674271
 -0.4924192565845784
 -0.7491604954764632
 -1.005901734368351
 -1.224778904085498
 -1.375595362352643
 -1.443310192078542
 -1.434034735018298
 -1.376198511644913
 -1.312702277642355
 -1.283574688732784
 -0.002076117064017529
 0.02705147184555619
 0.090547705848113
 0.1483839292215001
 0.1576593862817403
 0.08994455655584409
 -0.0608719017112991
 -0.27974907142845
 -0.5364903103203359
 -0.7932315492122215
 -1.012108718929374
 -1.162925177196514
 -1.230640006922411
 -1.221364549862172
 -1.163528326488784
 -1.100032092486228
 -1.070904503576652
 0.2499433908777789
 0.2790709797873528
 0.3425672137899098
 0.4004034371632965
 0.4096788942235361
 0.341964064497641
 0.1911476062304976
 -0.02772956348665294
 -0.2844708023785394
 -0.5412120412704255
 -0.7600892109875755
 -0.9109056692547185
 -0.9786204989806148
 -0.9693450419203734
 -0.9115088185469878
 -0.8480125845444303
 -0.8188849956348561
 0.5344141932563174
 0.5635417821658929
 0.6270380161684492
 0.6848742395418345
 0.6941496966020754
 0.6264348668761789
 0.475618408609037
 0.256741238891886
 3.515525544284248e-17
 -0.2567412388918859
 -0.4756184086090368
 -0.6264348668761792
 -0.6941496966020752
 -0.6848742395418334
 -0.6270380161684487
 -0.5635417821658927
 -0.5344141932563183
 0.7864337011981152
 0.8155612901076889
 0.8790575241102454
 0.9368937474836319
 0.9461692045438721
 0.8784543748179754
 0.727637916550833
 0.5087607468336826
 0.2520195079417966
 -0.004721730950089281
 -0.2235989006672396
 -0.3744153589343827
 -0.4421301886602781
 -0.4328547316000383
 -0.3750185082266519
 -0.3115222742240953
 -0.2823946853145214
 0.9991038863542435
 1.028231475263818
 1.091727709266373
 1.14956393263976
 1.158839389700002
 1.091124559974104
 0.9403081017069616
 0.7214309319898109
 0.4646896930979244
 0.2079484542060386
 -0.01092871551111164
 -0.1617451737782547
 -0.229460003504151
 -0.2201845464439108
 -0.1623483230705236
 -0.09885208906796669
 -0.06972450015839302
 1.140717767274359
 1.169845356183936
 1.233341590186491
 1.291177813559877
 1.300453270620115
 1.23273844089422
 1.08192198262708
 0.8630448129099277
 0.6063035740180419
 0.3495623351261553
 0.1306851654090048
 -0.02013129285813813
 -0.0878461225840341
 -0.07857066552379398
 -0.02073444215040689
 0.04276179185215
 0.07188938076172377
 1.189544396025919
 1.218671984935496
 1.282168218938054
 1.34000444231144
 1.349279899371679
 1.281565069645784
 1.13074861137864
 0.9118714416614903
 0.655130202769603
 0.3983889638777177
 0.1795117941605672
 0.02869533589342438
 -0.03901949383247161
 -0.02974403677223144
 0.02809218660115561
 0.09158842060371256
 0.1207160095132863
 1.137519622640234
 1.166647211549808
 1.230143445552365
 1.287979668925752
 1.297255125985992
 1.229540296260098
 1.078723837992954
 0.859846668275802
 0.603105429383916
 0.3463641904920295
 0.1274870207748795
 -0.02332943749226367
 -0.0910442672181597
 -0.08176881015791952
 -0.02393258678453245
 0.0395636472180245
 0.06869123612759814
 0.9919292834103326
 1.021056872319904
 1.084553106322466
 1.142389329695852
 1.151664786756093
 1.083949957030193
 0.933133498763051
 0.7142563290459013
 0.4575150901540165
 0.2007738512621297
 -0.01810331845502069
 -0.168919776722164
 -0.2366346064480599
 -0.2273591493878197
 -0.1695229260144323
 -0.1060266920118754
 -0.07689910310230196
 0.7745218037109938
 0.8036493926205689
 0.867145626623124
 0.9249818499965113
 0.934257307056751
 0.8665424773308564
 0.7157260190637138
 0.496848849346562
 0.2401076104546767
 -0.0166336284372095
 -0.23551079815436
 -0.3863272564215034
 -0.4540420861473991
 -0.4447666290871584
 -0.3869304057137719
 -0.3234341717112144
 -0.2943065828016416
 0.5181885460379453
 0.5473161349475196
 0.6108123689500768
 0.6686485923234641
 0.6779240493837034
 0.6102092196578074
 0.4593927613906648
 0.2405155916735149
 -0.01622564721837125
 -0.2729668861102573
 -0.4918440558274075
 -0.64266051409455
 -0.7103753438204461
 -0.7010998867602062
 -0.6432636633868195
 -0.5797674293842612
 -0.5506398404746876
 0.2618552883648989
 0.2909828772744726
 0.3544791112770299
 0.412315334650416
 0.4215907917106564
 0.3538759619847604
 0.2030595037176173
 -0.01581766599953308
 -0.2725589048914194
 -0.5293001437833056
 -0.7481773135004548
 -0.8989937717675991
 -0.9667086014934948
 -0.9574331444332543
 -0.8995969210598669
 -0.8361006870573107
 -0.8069730981477367
 0.04444780866555954
 0.07357539757513341
 0.13707163157769
 0.1949078549510776
 0.2041833120113176
 0.1364684822854211
 -0.01434797598172181
 -0.2332251456988724
 -0.4899663845907584
 -0.7467076234826447
 -0.965584793199794
 -1.116401251466937
 -1.184116081192836
 -1.174840624132594
 -1.117004400759208
 -1.053508166756648
 -1.024380577847075
 -0.1011425305643406
 -0.07201494165476668
 -0.008518707652209774
 0.04931751572117731
 0.05859297278141741
 -0.009121856944478722
 -0.1599383152116218
 -0.3788154849287726
 -0.6355567238206578
 -0.8922979627125446
 -1.111175132429693
 -1.261991590696841
 -1.329706420422732
 -1.32043096336249
 -1.262594739989106
 -1.199098505986549
 -1.169970917076977
 -0.1531673039500286
 -0.1240397150404548
 -0.06054348103789786
 -0.002707257664510796
 0.006568199395729356
 -0.06114663033016667
 -0.2119630885973097
 -0.4308402583144607
 -0.6875814972063455
 -0.9443227360982329
 -1.163199905815385
 -1.314016364082526
 -1.38173119380842
 -1.372455736748182
 -1.314619513374795
 -1.251123279372238
 -1.221995690462663
 -0.104340675198466
 -0.07521308628889209
 -0.01171685228633523
 0.04611937108705183
 0.05539482814729193
 -0.01232000157860406
 -0.1631364598457474
 -0.3820136295628976
 -0.638754868454784
 -0.8954961073466695
 -1.114373277063822
 -1.265189735330961
 -1.332904565056861
 -1.323629107996618
 -1.265792884623232
 -1.202296650620677
 -1.173169061711102
 0.03727320572165088
 0.06640079463122457
 0.1298970286337816
 0.1877332520071684
 0.1970087090674086
 0.1292938793415124
 -0.02152257892563061
 -0.240399748642781
 -0.4971409875346672
 -0.753882226426553
 -0.9727593961437033
 -1.123575854410847
 -1.191290684136743
 -1.182015227076503
 -1.124179003703118
 -1.06068276970056
 -1.031555180790988
 0.249943390877779
 0.279070979787353
 0.3425672137899098
 0.4004034371632965
 0.4096788942235361
 0.341964064497641
 0.1911476062304976
 -0.02772956348665294
 -0.2844708023785394
 -0.5412120412704255
 -0.7600892109875752
 -0.9109056692547185
 -0.9786204989806148
 -0.9693450419203734
 -0.9115088185469878
 -0.8480125845444304
 -0.8188849956348561
 0.5019628988195758
 0.5310904877291496
 0.5945867217317066
 0.6524229451050928
 0.6616984021653325
 0.5939835724394369
 0.443167114172295
 0.2242899444551439
 -0.03245129443674238
 -0.2891925333286287
 -0.5080697030457794
 -0.6588861613129208
 -0.7266009910388168
 -0.7173255339785771
 -0.6594893106051921
 -0.5959930766026338
 -0.5668654876930603
