9
0.494688158537816
0.508979167757155
0.508635137976268
0.510358842682738
0.510532574641621
0.510549918206760
17
0.354704867244337
0.300602923668483
0.289036362580095
0.290130468337378
0.290240161646553
0.290250564316728
33
0.228618445372821
0.144989334408503
0.132105350017875
0.132761972664594
0.132832677979918
0.132832586132470
65
0.199379648545956
0.057637148971808
0.045120293857940
0.045530308967175
0.045565079442311
0.045567966665363
129
0.187737750641830
0.022643332225347
0.005050603687661
0.000146096050043
0.000316905268965
