0.5668504921272373
 0.6594918018221863
 0.7266238838079565
 0.5080895866421519
 0.03245255403389161
 -0.4431844785743684
 -0.6617187757401723
 -0.5945866937544042
 -0.5019453840594531
 1.031558487285063
 1.124199796980013
 1.191331878965783
 0.9727975817999783
 0.4971605491917185
 0.02152351658345898
 -0.1970107805823456
 -0.129878698596576
 -0.0372373889016259
 1.222007057529542
 1.31464836722449
 1.38178044921026
 1.163246152044455
 0.6876091194361968
 0.2119720868279368
 -0.006562210337867751
 0.06056987164790171
 0.1532111813428517
 1.024384191024862
 1.117025500719809
 1.18415758270558
 0.9656232855397759
 0.4899862529315164
 0.01434922032325662
 -0.2041850768425479
 -0.1370529948567784
 -0.04441168516182842
 0.5506242151102906
 0.6432655248052407
 0.7103976067910105
 0.4918633096252056
 0.01622627701694563
 -0.4594107555913141
 -0.677945052757119
 -0.6108129707713487
 -0.5181716610763996
 0.07686423919572018
 0.16950554889067
 0.2366376308764393
 0.01810333371063483
 -0.4575336988976251
 -0.9331707315058848
 -1.151705028671689
 -1.08457294668592
 -0.9919316369909694
 -0.1207586273089599
 -0.02811731761400999
 0.0390147643717594
 -0.1795195327940452
 -0.6551565654023046
 -1.130793598010564
 -1.34932789517637
 -1.282195813190599
 -1.18955450349565
 0.06968994293551788
 0.1623312526304678
 0.2294633346162373
 0.01092903745043268
 -0.4647079951578272
 -0.9403450277660859
 -1.158879324931892
 -1.091747242946121
 -0.9991059332511709
 0.534397938093346
 0.6270392477882949
 0.6941713297740653
 0.4756370326082605
 7.399067793812605e-17
 -0.47563703260826
 -0.6941713297740647
 -0.6270392477882941
 -0.5343979380933457
 1.031558487285063
 1.124199796980013
 1.191331878965783
 0.9727975817999783
 0.4971605491917185
 0.02152351658345898
 -0.1970107805823456
 -0.129878698596576
 -0.03723738890162588
 1.496266482442888
 1.58890779213784
 1.656039874123612
 1.437505576957805
 0.9618685443495467
 0.4862315117412865
 0.2676972145754815
 0.3348292965612513
 0.4274706062562012
 1.686715052687369
 1.779356362382318
 1.846488444368089
 1.627954147202284
 1.152317114594024
 0.6766800819857639
 0.4581457848199593
 0.5252778668057291
 0.6179191765006786
 1.489092186182688
 1.581733495877638
 1.648865577863408
 1.430331280697603
 0.9546942480893442
 0.4790572154810833
 0.2605229183152794
 0.327655000301049
 0.4202963099959987
 1.015332210268118
 1.107973519963068
 1.175105601948838
 0.9565713047830323
 0.4809342721747732
 0.005297239566513153
 -0.2132370575992913
 -0.1461049756135219
 -0.05346366591857177
 0.5415722343535481
 0.6342135440484978
 0.7013456260342665
 0.4828113288684622
 0.007174296260202277
 -0.4684627363480574
 -0.6869970335138627
 -0.6198649515280927
 -0.5272236418331416
 0.3439493678488674
 0.4365906775438173
 0.5037227595295869
 0.2851884623637819
 -0.1904485702444779
 -0.6660856028527374
 -0.8846199000185422
 -0.817487818032772
 -0.7248465083378225
 0.5343979380933458
 0.6270392477882945
 0.6941713297740647
 0.4756370326082601
 3.051690291973659e-17
 -0.4756370326082598
 -0.6941713297740645
 -0.6270392477882942
 -0.5343979380933457
 0.9991059332511716
 1.091747242946122
 1.158879324931892
 0.940345027766086
 0.4647079951578273
 -0.01092903745043255
 -0.229463334616237
 -0.1623312526304674
 -0.06968994293551739
 1.222007057529542
 1.31464836722449
 1.38178044921026
 1.163246152044455
 0.6876091194361968
 0.2119720868279368
 -0.006562210337867756
 0.06056987164790171
 0.1532111813428517
 1.686715052687369
 1.779356362382318
 1.846488444368089
 1.627954147202283
 1.152317114594024
 0.6766800819857639
 0.4581457848199593
 0.5252778668057291
 0.6179191765006786
 1.877163622931846
 1.969804932626795
 2.036937014612567
 1.818402717446761
 1.342765684838501
 0.8671286522302423
 0.6485943550644371
 0.7157264370502066
 0.808367746745156
 1.679540756427165
 1.772182066122115
 1.839314148107886
 1.620779850942081
 1.145142818333821
 0.6695057857255615
 0.4509714885597572
 0.5181035705455265
 0.6107448802404762
 1.205780780512596
 1.298422090207546
 1.365554172193315
 1.147019875027511
 0.6713828424192505
 0.1957458098109908
 -0.02278848735481363
 0.04434359463095579
 0.1369849043259059
 0.7320208045980252
 0.8246621142929754
 0.891794196278745
 0.6732598991129387
 0.1976228665046799
 -0.2780141661035798
 -0.496548463269384
 -0.4294163812836148
 -0.3367750715886649
 0.5343979380933458
 0.6270392477882939
 0.6941713297740644
 0.4756370326082599
 -1.029690731003405e-16
 -0.4756370326082603
 -0.6941713297740647
 -0.627039247788294
 -0.5343979380933457
 0.7248465083378232
 0.8174878180327724
 0.8846199000185422
 0.6660856028527372
 0.1904485702444778
 -0.2851884623637819
 -0.5037227595295865
 -0.436590677543817
 -0.3439493678488666
 1.189554503495651
 1.282195813190599
 1.34932789517637
 1.130793598010564
 0.6551565654023045
 0.1795195327940453
 -0.03901476437175932
 0.02811731761401023
 0.1207586273089602
 1.024384191024862
 1.117025500719809
 1.18415758270558
 0.9656232855397759
 0.4899862529315165
 0.01434922032325662
 -0.2041850768425479
 -0.1370529948567784
 -0.04441168516182842
 1.489092186182688
 1.581733495877638
 1.648865577863408
 1.430331280697603
 0.9546942480893442
 0.4790572154810833
 0.2605229183152794
 0.327655000301049
 0.4202963099959987
 1.679540756427165
 1.772182066122115
 1.839314148107886
 1.620779850942081
 1.145142818333821
 0.6695057857255615
 0.4509714885597572
 0.5181035705455265
 0.6107448802404762
 1.481917889922486
 1.574559199617434
 1.641691281603206
 1.423156984437399
 0.9475199518291411
 0.4718829192208813
 0.253348622055077
 0.3204807040408463
 0.4131220137357964
 1.008157914007917
 1.100799223702865
 1.167931305688636
 0.9493970085228299
 0.4737599759145703
 -0.001877056693689446
 -0.2204113538594938
 -0.1532792718737244
 -0.06063796217877437
 0.5343979380933456
 0.6270392477882936
 0.694171329774064
 0.4756370326082597
 -1.974786051007664e-16
 -0.4756370326082601
 -0.6941713297740646
 -0.627039247788294
 -0.5343979380933457
 0.3367750715886649
 0.4294163812836149
 0.4965484632693839
 0.2780141661035794
 -0.1976228665046803
 -0.6732598991129396
 -0.8917941962787452
 -0.8246621142929756
 -0.7320208045980252
 0.5272236418331419
 0.6198649515280931
 0.6869970335138625
 0.4684627363480574
 -0.007174296260202521
 -0.4828113288684622
 -0.7013456260342665
 -0.6342135440484977
 -0.5415722343535481
 0.9919316369909695
 1.08457294668592
 1.151705028671689
 0.9331707315058847
 0.4575336988976249
 -0.01810333371063493
 -0.2366376308764393
 -0.1695055488906698
 -0.07686423919571996
 0.5506242151102905
 0.6432655248052407
 0.7103976067910105
 0.4918633096252056
 0.01622627701694563
 -0.4594107555913141
 -0.677945052757119
 -0.6108129707713487
 -0.5181716610763996
 1.015332210268119
 1.107973519963068
 1.175105601948838
 0.9565713047830323
 0.4809342721747732
 0.005297239566513154
 -0.2132370575992913
 -0.1461049756135219
 -0.05346366591857177
 1.205780780512596
 1.298422090207546
 1.365554172193315
 1.147019875027511
 0.6713828424192505
 0.1957458098109908
 -0.02278848735481363
 0.04434359463095579
 0.1369849043259059
 1.008157914007916
 1.100799223702865
 1.167931305688636
 0.9493970085228299
 0.4737599759145703
 -0.001877056693689439
 -0.2204113538594936
 -0.1532792718737244
 -0.06063796217877437
 0.5343979380933457
 0.6270392477882936
 0.6941713297740637
 0.4756370326082597
 -2.329611890486177e-16
 -0.4756370326082599
 -0.6941713297740643
 -0.6270392477882936
 -0.534397938093346
 0.06063796217877422
 0.1532792718737242
 0.2204113538594934
 0.001877056693688992
 -0.473759975914571
 -0.9493970085228304
 -1.167931305688636
 -1.100799223702865
 -1.008157914007917
 -0.1369849043259059
 -0.04434359463095587
 0.02278848735481344
 -0.195745809810991
 -0.6713828424192511
 -1.147019875027511
 -1.365554172193315
 -1.298422090207546
 -1.205780780512596
 0.05346366591857188
 0.146104975613522
 0.2132370575992912
 -0.005297239566513371
 -0.4809342721747733
 -0.9565713047830324
 -1.175105601948838
 -1.107973519963068
 -1.015332210268118
 0.5181716610763996
 0.6108129707713487
 0.6779450527571189
 0.4594107555913141
 -0.0162262770169459
 -0.4918633096252057
 -0.7103976067910105
 -0.6432655248052406
 -0.5506242151102904
 0.07686423919572018
 0.16950554889067
 0.2366376308764393
 0.01810333371063483
 -0.4575336988976251
 -0.9331707315058847
 -1.151705028671689
 -1.08457294668592
 -0.9919316369909694
 0.5415722343535481
 0.6342135440484978
 0.7013456260342664
 0.4828113288684621
 0.007174296260202277
 -0.4684627363480574
 -0.6869970335138625
 -0.619864951528093
 -0.5272236418331415
 0.7320208045980252
 0.8246621142929756
 0.8917941962787452
 0.6732598991129387
 0.1976228665046799
 -0.2780141661035798
 -0.4965484632693841
 -0.4294163812836149
 -0.3367750715886649
 0.5343979380933455
 0.6270392477882936
 0.6941713297740641
 0.4756370326082598
 -2.062758177849305e-16
 -0.4756370326082601
 -0.6941713297740646
 -0.6270392477882938
 -0.5343979380933457
 0.06063796217877422
 0.1532792718737242
 0.2204113538594934
 0.001877056693689012
 -0.4737599759145709
 -0.9493970085228305
 -1.167931305688636
 -1.100799223702865
 -1.008157914007917
 -0.4131220137357964
 -0.3204807040408463
 -0.2533486220550773
 -0.4718829192208817
 -0.9475199518291417
 -1.423156984437399
 -1.641691281603206
 -1.574559199617435
 -1.481917889922486
 -0.6107448802404761
 -0.5181035705455265
 -0.4509714885597573
 -0.6695057857255615
 -1.145142818333821
 -1.620779850942081
 -1.839314148107886
 -1.772182066122115
 -1.679540756427165
 -0.4202963099959987
 -0.3276550003010489
 -0.2605229183152795
 -0.4790572154810836
 -0.9546942480893442
 -1.430331280697603
 -1.648865577863408
 -1.581733495877638
 -1.489092186182688
 0.04441168516182867
 0.1370529948567786
 0.2041850768425479
 -0.01434922032325669
 -0.4899862529315165
 -0.9656232855397759
 -1.184157582705579
 -1.117025500719809
 -1.024384191024861
 -0.1207586273089598
 -0.02811731761400999
 0.0390147643717594
 -0.1795195327940452
 -0.6551565654023046
 -1.130793598010564
 -1.34932789517637
 -1.282195813190599
 -1.18955450349565
 0.3439493678488674
 0.4365906775438173
 0.5037227595295867
 0.2851884623637819
 -0.190448570244478
 -0.6660856028527374
 -0.8846199000185422
 -0.8174878180327719
 -0.7248465083378227
 0.5343979380933458
 0.627039247788294
 0.6941713297740645
 0.4756370326082599
 -1.178465147847578e-16
 -0.4756370326082601
 -0.6941713297740646
 -0.627039247788294
 -0.5343979380933458
 0.3367750715886649
 0.4294163812836149
 0.4965484632693839
 0.2780141661035794
 -0.1976228665046803
 -0.6732598991129396
 -0.8917941962787452
 -0.8246621142929756
 -0.7320208045980252
 -0.1369849043259059
 -0.04434359463095589
 0.02278848735481344
 -0.195745809810991
 -0.6713828424192508
 -1.147019875027511
 -1.365554172193315
 -1.298422090207546
 -1.205780780512596
 -0.6107448802404761
 -0.5181035705455264
 -0.4509714885597572
 -0.6695057857255615
 -1.145142818333821
 -1.620779850942081
 -1.839314148107886
 -1.772182066122115
 -1.679540756427165
 -0.808367746745156
 -0.7157264370502066
 -0.6485943550644373
 -0.8671286522302423
 -1.342765684838501
 -1.818402717446761
 -2.036937014612567
 -1.969804932626794
 -1.877163622931846
 -0.617919176500678
 -0.5252778668057291
 -0.4581457848199592
 -0.6766800819857639
 -1.152317114594024
 -1.627954147202283
 -1.846488444368088
 -1.779356362382318
 -1.686715052687369
 -0.1532111813428514
 -0.06056987164790157
 0.006562210337867891
 -0.2119720868279368
 -0.6876091194361968
 -1.163246152044455
 -1.38178044921026
 -1.31464836722449
 -1.222007057529542
 0.06968994293551788
 0.1623312526304678
 0.2294633346162373
 0.01092903745043268
 -0.4647079951578272
 -0.9403450277660859
 -1.158879324931892
 -1.091747242946121
 -0.9991059332511716
 0.5343979380933458
 0.6270392477882945
 0.6941713297740647
 0.4756370326082601
 3.430985463830411e-17
 -0.4756370326082598
 -0.6941713297740645
 -0.6270392477882942
 -0.5343979380933457
 0.7248465083378233
 0.8174878180327726
 0.8846199000185422
 0.6660856028527372
 0.1904485702444778
 -0.2851884623637819
 -0.5037227595295865
 -0.4365906775438169
 -0.3439493678488666
 0.5272236418331419
 0.6198649515280931
 0.6869970335138625
 0.4684627363480574
 -0.007174296260202524
 -0.4828113288684622
 -0.7013456260342665
 -0.6342135440484977
 -0.5415722343535481
 0.05346366591857188
 0.146104975613522
 0.2132370575992912
 -0.005297239566513396
 -0.4809342721747733
 -0.9565713047830323
 -1.175105601948838
 -1.107973519963068
 -1.015332210268118
 -0.4202963099959987
 -0.327655000301049
 -0.2605229183152795
 -0.4790572154810836
 -0.9546942480893444
 -1.430331280697603
 -1.648865577863408
 -1.581733495877638
 -1.489092186182688
 -0.6179191765006781
 -0.525277866805729
 -0.4581457848199593
 -0.6766800819857639
 -1.152317114594024
 -1.627954147202284
 -1.846488444368089
 -1.779356362382318
 -1.686715052687369
 -0.427470606256201
 -0.334829296561251
 -0.2676972145754812
 -0.4862315117412862
 -0.9618685443495467
 -1.437505576957805
 -1.656039874123612
 -1.588907792137839
 -1.496266482442888
 0.03723738890162639
 0.1298786985965763
 0.1970107805823458
 -0.02152351658345885
 -0.4971605491917184
 -0.9727975817999783
 -1.191331878965782
 -1.124199796980013
 -1.031558487285063
 0.534397938093346
 0.627039247788295
 0.6941713297740653
 0.4756370326082605
 7.458426998019841e-17
 -0.47563703260826
 -0.6941713297740646
 -0.6270392477882941
 -0.5343979380933458
 0.9991059332511716
 1.091747242946122
 1.158879324931892
 0.9403450277660861
 0.4647079951578273
 -0.01092903745043255
 -0.229463334616237
 -0.1623312526304674
 -0.06968994293551739
 1.189554503495651
 1.282195813190599
 1.34932789517637
 1.130793598010564
 0.6551565654023044
 0.1795195327940452
 -0.0390147643717593
 0.02811731761401023
 0.1207586273089602
 0.9919316369909695
 1.08457294668592
 1.151705028671689
 0.9331707315058847
 0.4575336988976249
 -0.01810333371063492
 -0.2366376308764393
 -0.1695055488906698
 -0.07686423919571996
 0.5181716610763996
 0.6108129707713487
 0.6779450527571189
 0.4594107555913141
 -0.0162262770169459
 -0.4918633096252057
 -0.7103976067910105
 -0.6432655248052405
 -0.5506242151102904
 0.04441168516182865
 0.1370529948567785
 0.2041850768425478
 -0.01434922032325669
 -0.4899862529315165
 -0.9656232855397759
 -1.18415758270558
 -1.117025500719809
 -1.024384191024861
 -0.1532111813428514
 -0.06056987164790157
 0.006562210337867895
 -0.2119720868279368
 -0.6876091194361968
 -1.163246152044455
 -1.38178044921026
 -1.31464836722449
 -1.222007057529542
 0.03723738890162639
 0.1298786985965763
 0.1970107805823458
 -0.02152351658345885
 -0.4971605491917184
 -0.9727975817999783
 -1.191331878965782
 -1.124199796980013
 -1.031558487285063
 0.5019453840594537
 0.5945866937544043
 0.6617187757401727
 0.4431844785743688
 -0.03245255403389144
 -0.5080895866421514
 -0.7266238838079564
 -0.659491801822186
 -0.5668504921272369
