0.5668504921272373
 0.5959835093497176
 0.6594918018221863
 0.7173405420188347
 0.7266238838079565
 0.6589104354110993
 0.5080895866421519
 0.2892040790541593
 0.03245255403389161
 -0.2242989709863763
 -0.4431844785743684
 -0.5940053273433167
 -0.6617187757401723
 -0.6524354339510514
 -0.5945866937544042
 -0.5310784012819337
 -0.5019453840594531
 0.8188798265277502
 0.8480128437502307
 0.9115211362226999
 0.9693698764193484
 0.97865321820847
 0.9109397698116128
 0.760118921042665
 0.5412334134546726
 0.2844818884344049
 0.02773036341413718
 -0.191155144173855
 -0.3419759929428026
 -0.4096894413396588
 -0.400406099550538
 -0.3425573593538893
 -0.2790490668814199
 -0.2499160496589397
 1.031558487285063
 1.060691504507545
 1.124199796980013
 1.182048537176663
 1.191331878965783
 1.123618430568927
 0.9727975817999783
 0.7539120742119869
 0.4971605491917185
 0.2404090241714512
 0.02152351658345898
 -0.1292973321854886
 -0.1970107805823456
 -0.1877274387932241
 -0.129878698596576
 -0.06637040612410604
 -0.0372373889016259
 1.173178225354088
 1.202311242576568
 1.265819535049038
 1.323668275245687
 1.332951617034808
 1.265238168637951
 1.114417319869003
 0.8955318122810115
 0.6387802872607432
 0.3820287622404755
 0.1631432546524835
 0.01232240588353594
 -0.055391042513321
 -0.04610770072419972
 0.01174103947244852
 0.07524933194491848
 0.1043823491673986
 1.222007057529542
 1.251140074752021
 1.31464836722449
 1.372497107421138
 1.38178044921026
 1.314067000813404
 1.163246152044455
 0.9443606444564643
 0.6876091194361968
 0.4308575944159286
 0.2119720868279368
 0.06115123805898923
 -0.006562210337867751
 0.002721131451253573
 0.06056987164790171
 0.1240781641203716
 0.1532111813428517
 1.16998035351669
 1.199113370739171
 1.26262166321164
 1.320470403408288
 1.329753745197409
 1.262040296800553
 1.111219448031604
 0.8923339404436126
 0.6355824154233445
 0.3788308904030772
 0.1599453828150852
 0.009124534046137545
 -0.05858891435071939
 -0.04930557256159811
 0.008543167635050105
 0.07205146010751999
 0.1011844773300002
 1.024384191024862
 1.05351720824734
 1.117025500719809
 1.174874240916459
 1.18415758270558
 1.116444134308725
 0.9656232855397759
 0.7467377779517843
 0.4899862529315164
 0.2332347279112486
 0.01434922032325662
 -0.1364716284456909
 -0.2041850768425479
 -0.1949017350534266
 -0.1370529948567784
 -0.07354470238430855
 -0.04441168516182842
 0.8069678991338172
 0.8361009163562964
 0.8996092088287672
 0.9574579490254147
 0.9667412908145364
 0.899027842417679
 0.7482069936487312
 0.529321486060739
 0.2725699610404715
 0.01581843602020366
 -0.2030670715677884
 -0.3538879203367359
 -0.4216013687335926
 -0.4123180269444719
 -0.3544692867478233
 -0.2909609942753533
 -0.2618279770528732
 0.5506242151102906
 0.5797572323327711
 0.6432655248052407
 0.7011142650018883
 0.7103976067910105
 0.6426841583941533
 0.4918633096252056
 0.2729778020372134
 0.01622627701694563
 -0.2405252480033223
 -0.4594107555913141
 -0.6102316043602614
 -0.677945052757119
 -0.6686617109679978
 -0.6108129707713487
 -0.5473046782988797
 -0.5181716610763996
 0.2942805310867653
 0.3234135483092451
 0.3869218407817145
 0.4447705809783636
 0.4540539227674842
 0.3863404743706272
 0.2355196256016795
 0.01663411801368765
 -0.2401174070065802
 -0.4968689320268481
 -0.7157544396148394
 -0.866575288383788
 -0.9342887367806443
 -0.9250053949915231
 -0.8671566547948749
 -0.8036483623224046
 -0.774515345099925
 0.07686423919572018
 0.1059972564182003
 0.16950554889067
 0.2273542890873183
 0.2366376308764393
 0.1689241824795824
 0.01810333371063483
 -0.2007821738773572
 -0.4575336988976251
 -0.7142852239178934
 -0.9331707315058848
 -1.083991580274833
 -1.151705028671689
 -1.142421686882568
 -1.08457294668592
 -1.021064654213449
 -0.9919316369909694
 -0.06873192329610832
 -0.0395989060736282
 0.0239093863988416
 0.08175812659548982
 0.09104146838461101
 0.02332801998775401
 -0.1274928287811936
 -0.3463783363691855
 -0.6031298613894533
 -0.8598813864097212
 -1.078766893997712
 -1.229587742766661
 -1.297301191163517
 -1.288017849374397
 -1.230169109177749
 -1.166660816705278
 -1.137527799482799
 -0.1207586273089599
 -0.09162561008647986
 -0.02811731761400999
 0.02973142258263815
 0.0390147643717594
 -0.02869868402509761
 -0.1795195327940452
 -0.3984050403820372
 -0.6551565654023046
 -0.9119080904225728
 -1.130793598010564
 -1.281614446779513
 -1.34932789517637
 -1.340044553387248
 -1.282195813190599
 -1.218687520718129
 -1.18955450349565
 -0.07192979513350665
 -0.04279677791102656
 0.02071151456144329
 0.07856025475809139
 0.08784359654721273
 0.02013014815035574
 -0.1306907006185919
 -0.3495762082065836
 -0.606327733226851
 -0.8630792582471201
 -1.081964765835111
 -1.23278561460406
 -1.300499063000915
 -1.291215721211794
 -1.233366981015147
 -1.169858688542677
 -1.140725671320196
 0.06968994293551788
 0.0988229601579979
 0.1623312526304678
 0.2201799928271159
 0.2294633346162373
 0.1617498862193804
 0.01092903745043268
 -0.2079564701375593
 -0.4647079951578272
 -0.7214595201780949
 -0.9403450277660859
 -1.091165876535034
 -1.158879324931892
 -1.149595983142771
 -1.091747242946121
 -1.028238950473653
 -0.9991059332511709
 0.2823686036928319
 0.3115016209153124
 0.3750099133877816
 0.4328586535844298
 0.4421419953735513
 0.3744285469766943
 0.2236076982077467
 0.004722190619754559
 -0.2520293344005134
 -0.508780859420781
 -0.7276663670087731
 -0.8784872157777213
 -0.9462006641745778
 -0.9369173223854558
 -0.8790685821888085
 -0.8155602897163388
 -0.7864272724938585
 0.534397938093346
 0.5635309553158255
 0.6270392477882949
 0.6848879879849432
 0.6941713297740653
 0.6264578813772079
 0.4756370326082605
 0.2567515250202679
 7.399067793812605e-17
 -0.2567515250202679
 -0.47563703260826
 -0.6264578813772078
 -0.6941713297740647
 -0.6848879879849432
 -0.6270392477882941
 -0.5635309553158251
 -0.5343979380933457
 0.8188798265277502
 0.8480128437502307
 0.9115211362226999
 0.9693698764193482
 0.97865321820847
 0.9109397698116128
 0.760118921042665
 0.5412334134546726
 0.2844818884344049
 0.02773036341413718
 -0.191155144173855
 -0.3419759929428026
 -0.4096894413396588
 -0.400406099550538
 -0.3425573593538893
 -0.27904906688142
 -0.2499160496589398
 1.070909160928263
 1.100042178150743
 1.163550470623214
 1.221399210819863
 1.230682552608983
 1.162969104212126
 1.012148255443178
 0.7932627478551858
 0.5365112228349186
 0.2797596978146504
 0.06087419022665875
 -0.08994665854228896
 -0.1576601069391459
 -0.1483767651500246
 -0.09052802495337625
 -0.0270197324809064
 0.00211328474157376
 1.283587821685578
 1.312720838908058
 1.376229131380527
 1.434077871577176
 1.443361213366297
 1.37564776496944
 1.224826916200492
 1.0059414086125
 0.7491898835922326
 0.4924383585719644
 0.2735528509839725
 0.1227320022150249
 0.05501855381816793
 0.06430189560728924
 0.1221506358039375
 0.1856589282764074
 0.2147919454988875
 1.425207559754603
 1.454340576977081
 1.517848869449551
 1.575697609646199
 1.584980951435322
 1.517267503038463
 1.366446654269517
 1.147561146681525
 0.8908096216612571
 0.6340580966409891
 0.415172589052997
 0.2643517402840495
 0.1966382918871926
 0.2059216336763138
 0.2637703738729618
 0.3272786663454316
 0.356411683567912
 1.474036391930054
 1.503169409152535
 1.566677701625005
 1.624526441821655
 1.633809783610774
 1.566096335213917
 1.415275486444969
 1.196389978856978
 0.9396384538367103
 0.6828869288164423
 0.46400142122845
 0.3131805724595022
 0.2454671240626457
 0.2547504658517671
 0.3125992060484151
 0.376107498520885
 0.4052405157433652
 1.422009687917203
 1.451142705139682
 1.514650997612153
 1.572499737808801
 1.581783079597924
 1.514069631201066
 1.363248782432117
 1.144363274844125
 0.8876117498238583
 0.6308602248035906
 0.4119747172155988
 0.2611538684466507
 0.1934404200497939
 0.2027237618389153
 0.2605725020355635
 0.3240807945080335
 0.3532138117305135
 1.276413525425375
 1.305546542647855
 1.369054835120324
 1.426903575316974
 1.436186917106093
 1.368473468709238
 1.217652619940289
 0.9987671123522979
 0.7420155873320299
 0.4852640623117623
 0.2663785547237701
 0.1155577059548224
 0.04784425755796549
 0.05712759934708678
 0.114976339543735
 0.1784846320162048
 0.2076176492386852
 1.05899723353433
 1.088130250756809
 1.15163854322928
 1.209487283425927
 1.21877062521505
 1.151057176818193
 1.000236328049245
 0.7813508204612529
 0.5245992954409846
 0.2678477704207171
 0.04896226283272526
 -0.1018585859362224
 -0.1695720343330793
 -0.1602886925439581
 -0.1024399523473098
 -0.03893165987483998
 -0.009798642652359791
 0.8026535495108037
 0.8317865667332839
 0.8952948592057546
 0.9531435994024017
 0.9624269411915236
 0.8947134927946662
 0.7438926440257191
 0.5250071364377272
 0.268255611417459
 0.01150408639719132
 -0.2073814211908006
 -0.3582022699597482
 -0.425915718356605
 -0.4166323765674837
 -0.358783636370836
 -0.2952753438983656
 -0.2661423266758856
 0.5463098654872786
 0.5754428827097589
 0.6389511751822285
 0.6967999153788765
 0.7060832571679975
 0.6383698087711402
 0.4875489600021933
 0.2686634524142011
 0.01191192739393333
 -0.2448395976263344
 -0.4637251052143265
 -0.6145459539832735
 -0.6822594023801312
 -0.6729760605910099
 -0.6151273203943611
 -0.5516190279218921
 -0.5224860106994109
 0.3288935735962338
 0.3580265908187138
 0.421534883291184
 0.4793836234878316
 0.4886669652769529
 0.4209535168800957
 0.2701326681111483
 0.05124716052315639
 -0.2055043644971115
 -0.4622558895173791
 -0.6811413971053709
 -0.8319622458743193
 -0.8996756942711751
 -0.8903923524820551
 -0.832543612285406
 -0.7690353198129363
 -0.7399023025904561
 0.1832974111044052
 0.2124304283268853
 0.2759387207993552
 0.3337874609960031
 0.3430708027851247
 0.2753573543882675
 0.1245365056193199
 -0.09434900196867209
 -0.35110052698894
 -0.6078520520092073
 -0.8267375595971997
 -0.9775584083661475
 -1.045271856763005
 -1.035988514973882
 -0.9781397747772347
 -0.9146314823047642
 -0.8854984650822844
 0.1312707070915534
 0.1604037243140337
 0.2239120167865032
 0.2817607569831516
 0.2910440987722732
 0.2233306503754158
 0.07250980160646824
 -0.1463757059815238
 -0.4031272310017915
 -0.6598787560220591
 -0.8787642636100519
 -1.029585112378999
 -1.097298560775855
 -1.088015218986733
 -1.030166478790087
 -0.9666581863176165
 -0.9375251690951364
 0.1800995392670068
 0.2092325564894869
 0.2727408489619568
 0.3305895891586053
 0.339872930947726
 0.2721594825508691
 0.1213386337819217
 -0.09754687380607045
 -0.3542983988263383
 -0.611049923846606
 -0.8299354314345982
 -0.9807562802035457
 -1.048469728600403
 -1.039186386811281
 -0.9813376466146331
 -0.9178293541421628
 -0.8886963369196824
 0.321719277336031
 0.3508522945585117
 0.4143605870309816
 0.4722093272276294
 0.4814926690167507
 0.4137792206198939
 0.2629583718509463
 0.04407286426295416
 -0.2126786607573137
 -0.469430185777582
 -0.6883156933655735
 -0.8391365421345202
 -0.9068499905313778
 -0.8975666487422559
 -0.8397179085456087
 -0.7762096160731392
 -0.7470765988506584
 0.534397938093346
 0.5635309553158254
 0.6270392477882939
 0.6848879879849433
 0.6941713297740649
 0.6264578813772077
 0.4756370326082599
 0.256751525020268
 7.109713186345694e-17
 -0.2567515250202679
 -0.4756370326082597
 -0.6264578813772076
 -0.6941713297740647
 -0.6848879879849431
 -0.6270392477882936
 -0.5635309553158248
 -0.5343979380933457
 0.7864272724938586
 0.8155602897163391
 0.8790685821888085
 0.9369173223854564
 0.946200664174578
 0.8784872157777215
 0.7276663670087732
 0.5087808594207811
 0.2520293344005135
 -0.004722190619754387
 -0.2236076982077465
 -0.3744285469766942
 -0.4421419953735509
 -0.4328586535844294
 -0.3750099133877809
 -0.3115016209153114
 -0.2823686036928316
 1.031558487285063
 1.060691504507545
 1.124199796980013
 1.182048537176663
 1.191331878965783
 1.123618430568927
 0.9727975817999783
 0.7539120742119869
 0.4971605491917185
 0.2404090241714512
 0.02152351658345898
 -0.1292973321854886
 -0.1970107805823456
 -0.1877274387932241
 -0.129878698596576
 -0.06637040612410604
 -0.03723738890162588
 1.283587821685578
 1.312720838908058
 1.376229131380527
 1.434077871577176
 1.443361213366297
 1.37564776496944
 1.224826916200492
 1.0059414086125
 0.7491898835922326
 0.4924383585719644
 0.2735528509839726
 0.1227320022150249
 0.05501855381816793
 0.06430189560728924
 0.1221506358039375
 0.1856589282764074
 0.2147919454988875
 1.496266482442888
 1.525399499665371
 1.58890779213784
 1.64675653233449
 1.656039874123612
 1.588326425726753
 1.437505576957805
 1.218620069369815
 0.9618685443495467
 0.7051170193292782
 0.4862315117412865
 0.3354106629723388
 0.2676972145754815
 0.2769805563646028
 0.3348292965612513
 0.3983375890337211
 0.4274706062562012
 1.637886220511915
 1.667019237734394
 1.730527530206865
 1.788376270403514
 1.797659612192634
 1.729946163795779
 1.57912531502683
 1.360239807438839
 1.103488282418571
 0.8467367573983026
 0.6278512498103107
 0.4770304010413631
 0.4093169526445063
 0.4186002944336275
 0.4764490346302754
 0.5399573271027454
 0.5690903443252263
 1.686715052687369
 1.715848069909847
 1.779356362382318
 1.837205102578967
 1.846488444368089
 1.77877499597123
 1.627954147202284
 1.409068639614292
 1.152317114594024
 0.8955655895737555
 0.6766800819857639
 0.5258592332168168
 0.4581457848199593
 0.4674291266090808
 0.5252778668057291
 0.588786159278199
 0.6179191765006786
 1.634688348674515
 1.663821365896998
 1.727329658369467
 1.785178398566113
 1.794461740355237
 1.726748291958379
 1.575927443189431
 1.357041935601439
 1.100290410581172
 0.8435388855609042
 0.6246533779729123
 0.4738325292039647
 0.4061190808071078
 0.4154024225962287
 0.4732511627928773
 0.5367594552653471
 0.5658924724878269
 1.489092186182688
 1.518225203405169
 1.581733495877638
 1.639582236074287
 1.648865577863408
 1.581152129466552
 1.430331280697603
 1.211445773109612
 0.9546942480893442
 0.6979427230690757
 0.4790572154810833
 0.3282363667121362
 0.2605229183152794
 0.2698062601044003
 0.327655000301049
 0.3911632927735187
 0.4202963099959987
 1.271675894291644
 1.300808911514124
 1.364317203986593
 1.422165944183242
 1.431449285972362
 1.363735837575504
 1.212914988806558
 0.9940294812185668
 0.737277956198299
 0.4805264311780313
 0.261640923590039
 0.1108200748210913
 0.0431066264242344
 0.05238996821335574
 0.1102387084100039
 0.1737470008824737
 0.2028800181049539
 1.015332210268118
 1.044465227490598
 1.107973519963068
 1.165822260159715
 1.175105601948838
 1.10739215355198
 0.9565713047830323
 0.7376857971950411
 0.4809342721747732
 0.2241827471545051
 0.005297239566513153
 -0.1455236092024343
 -0.2132370575992913
 -0.20395371581017
 -0.1461049756135219
 -0.08259668314105194
 -0.05346366591857177
 0.7589885262445917
 0.7881215434670726
 0.8516298359395421
 0.9094785761361899
 0.9187619179253117
 0.851048469528454
 0.7002276207595066
 0.4813421131715149
 0.2245905881512473
 -0.0321609368690207
 -0.2510464444570126
 -0.4018672932259604
 -0.4695807416228173
 -0.4602973998336959
 -0.4024486596370479
 -0.3389403671645778
 -0.3098073499420977
 0.5415722343535481
 0.5707052515760277
 0.6342135440484978
 0.6920622842451447
 0.7013456260342665
 0.6336321776374088
 0.4828113288684622
 0.2639258212804704
 0.007174296260202277
 -0.2495772287600656
 -0.4684627363480574
 -0.6192835851170044
 -0.6869970335138627
 -0.6777136917247413
 -0.6198649515280927
 -0.5563566590556229
 -0.5272236418331416
 0.395976071861719
 0.4251090890841991
 0.4886173815566691
 0.5464661217533165
 0.5557494635424384
 0.488036015145581
 0.337215166376634
 0.1183296587886417
 -0.1384218662316263
 -0.395173391251894
 -0.6140588988398862
 -0.7648797476088333
 -0.8325931960056904
 -0.8233098542165691
 -0.7654611140199207
 -0.7019528215474504
 -0.6728198043249711
 0.3439493678488674
 0.3730823850713472
 0.4365906775438173
 0.4944394177404653
 0.5037227595295869
 0.4360093111327296
 0.2851884623637819
 0.06630295477579005
 -0.1904485702444779
 -0.447200095264745
 -0.6660856028527374
 -0.8169064516216855
 -0.8846199000185422
 -0.8753365582294211
 -0.817487818032772
 -0.7539795255603023
 -0.7248465083378225
 0.3927782000243205
 0.4219112172468007
 0.4854195097192705
 0.5432682499159186
 0.5525515917050398
 0.484838143308183
 0.3340172945392354
 0.1151317869512434
 -0.1416197380690245
 -0.3983712630892925
 -0.6172567706772848
 -0.7680776194462317
 -0.8357910678430891
 -0.8265077260539668
 -0.7686589858573196
 -0.70515069338485
 -0.6760176761623694
 0.5343979380933458
 0.5635309553158248
 0.6270392477882945
 0.6848879879849432
 0.6941713297740647
 0.6264578813772076
 0.4756370326082601
 0.256751525020268
 3.051690291973659e-17
 -0.256751525020268
 -0.4756370326082598
 -0.6264578813772076
 -0.6941713297740645
 -0.6848879879849431
 -0.6270392477882942
 -0.5635309553158248
 -0.5343979380933457
 0.7470765988506588
 0.7762096160731398
 0.839717908545609
 0.8975666487422567
 0.9068499905313779
 0.8391365421345205
 0.6883156933655735
 0.4694301857775823
 0.212678660757314
 -0.04407286426295409
 -0.2629583718509462
 -0.4137792206198936
 -0.4814926690167504
 -0.4722093272276293
 -0.4143605870309812
 -0.3508522945585113
 -0.3217192773360308
 0.9991059332511716
 1.028238950473654
 1.091747242946122
 1.149595983142772
 1.158879324931892
 1.091165876535035
 0.940345027766086
 0.7214595201780952
 0.4647079951578273
 0.2079564701375594
 -0.01092903745043255
 -0.1617498862193799
 -0.229463334616237
 -0.2201799928271156
 -0.1623312526304674
 -0.09882296015799762
 -0.06968994293551739
 1.173178225354088
 1.202311242576568
 1.265819535049038
 1.323668275245687
 1.332951617034808
 1.265238168637951
 1.114417319869003
 0.8955318122810115
 0.6387802872607432
 0.3820287622404755
 0.1631432546524835
 0.01232240588353594
 -0.055391042513321
 -0.04610770072419972
 0.01174103947244851
 0.07524933194491845
 0.1043823491673986
 1.425207559754603
 1.454340576977081
 1.517848869449551
 1.575697609646199
 1.584980951435322
 1.517267503038463
 1.366446654269517
 1.147561146681525
 0.8908096216612573
 0.6340580966409892
 0.415172589052997
 0.2643517402840495
 0.1966382918871926
 0.2059216336763138
 0.2637703738729618
 0.3272786663454316
 0.3564116835679121
 1.637886220511915
 1.667019237734394
 1.730527530206865
 1.788376270403514
 1.797659612192634
 1.729946163795779
 1.579125315026831
 1.360239807438839
 1.103488282418571
 0.8467367573983026
 0.6278512498103107
 0.4770304010413631
 0.4093169526445063
 0.4186002944336275
 0.4764490346302754
 0.5399573271027454
 0.5690903443252263
 1.779505958580941
 1.80863897580342
 1.872147268275889
 1.929996008472539
 1.939279350261661
 1.871565901864803
 1.720745053095854
 1.501859545507864
 1.245108020487595
 0.9883564954673276
 0.7694709878793348
 0.6186501391103878
 0.5509366907135312
 0.5602200325026523
 0.6180687726992996
 0.6815770651717695
 0.71071008239425
 1.828334790756393
 1.857467807978875
 1.920976100451342
 1.978824840647991
 1.988108182437114
 1.920394734040257
 1.769573885271307
 1.550688377683317
 1.29393685266305
 1.03718532764278
 0.8182998200547887
 0.6674789712858407
 0.5997655228889847
 0.6090488646781052
 0.666897604874754
 0.7304058973472237
 0.7595389145697026
 1.77630808674354
 1.805441103966023
 1.868949396438491
 1.92679813663514
 1.936081478424261
 1.868368030027403
 1.717547181258458
 1.498661673670466
 1.241910148650196
 0.9851586236299282
 0.7662731160419374
 0.6154522672729892
 0.547738818876132
 0.5570221606652542
 0.6148709008619018
 0.6783791933343711
 0.7075122105568514
 1.630711924251712
 1.659844941474192
 1.723353233946662
 1.781201974143311
 1.790485315932433
 1.722771867535575
 1.571951018766629
 1.353065511178636
 1.09631398615837
 0.8395624611381003
 0.6206769535501085
 0.469856104781161
 0.4021426563843039
 0.4114259981734248
 0.4692747383700731
 0.5327830308425427
 0.5619160480650233
 1.413295632360668
 1.442428649583148
 1.505936942055618
 1.563785682252266
 1.573069024041388
 1.505355575644531
 1.354534726875583
 1.135649219287592
 0.8788976942673232
 0.6221461692470559
 0.4032606616590635
 0.2524398128901161
 0.1847263644932589
 0.1940097062823802
 0.2518584464790283
 0.3153667389514982
 0.3444997561739784
 1.156951948337142
 1.186084965559623
 1.249593258032091
 1.307441998228742
 1.316725340017862
 1.249011891621005
 1.098191042852057
 0.8793055352640646
 0.6225540102437975
 0.36580248522353
 0.1469169776355376
 -0.003903871133409958
 -0.07161731953026693
 -0.06233397774114559
 -0.00448523754449743
 0.05902305492797241
 0.08815607215045254
 0.9006082643136164
 0.9297412815360967
 0.9932495740085653
 1.051098314205215
 1.060381655994337
 0.9926682075974791
 0.8418473588285308
 0.6229618512405398
 0.3662103262202716
 0.1094588012000037
 -0.1094267063879882
 -0.2602475551569357
 -0.3279610035537927
 -0.3186776617646715
 -0.2608289215680233
 -0.1973206290955533
 -0.1681876118730733
 0.6831919724225721
 0.7123249896450524
 0.7758332821175224
 0.8336820223141691
 0.8429653641032906
 0.7752519157064341
 0.6244310669374871
 0.4055455593494944
 0.1487940343292268
 -0.1079574906910411
 -0.3268429982790329
 -0.4776638470479808
 -0.5453772954448382
 -0.5360939536557161
 -0.4782452134590677
 -0.4147369209865979
 -0.3856039037641177
 0.5375958099307432
 0.5667288271532237
 0.6302371196256938
 0.6880858598223416
 0.6973692016114627
 0.6296557532146062
 0.4788349044456581
 0.259949396857666
 0.003197871837398285
 -0.2535536531828695
 -0.4724391607708611
 -0.623260009539809
 -0.6909734579366658
 -0.6816901161475442
 -0.6238413759508965
 -0.5603330834784267
 -0.5312000662559463
 0.4855691059178914
 0.5147021231403722
 0.5782104156128417
 0.6360591558094897
 0.6453424975986113
 0.577629049201754
 0.4268082004328066
 0.2079226928448146
 -0.04882883217545331
 -0.3055803571957215
 -0.5244658647837133
 -0.6752867135526601
 -0.7430001619495182
 -0.7337168201603963
 -0.6758680799637479
 -0.6123597874912781
 -0.5832267702687981
 0.5343979380933457
 0.5635309553158248
 0.6270392477882942
 0.6848879879849432
 0.6941713297740647
 0.6264578813772077
 0.4756370326082598
 0.2567515250202679
 -3.562134643686699e-17
 -0.2567515250202679
 -0.4756370326082598
 -0.6264578813772076
 -0.6941713297740645
 -0.6848879879849432
 -0.6270392477882937
 -0.5635309553158248
 -0.5343979380933457
 0.6760176761623695
 0.7051506933848503
 0.7686589858573196
 0.8265077260539669
 0.8357910678430891
 0.7680776194462318
 0.6172567706772846
 0.3983712630892925
 0.1416197380690245
 -0.1151317869512433
 -0.3340172945392354
 -0.4848381433081829
 -0.5525515917050396
 -0.5432682499159186
 -0.4854195097192701
 -0.4219112172468005
 -0.3927782000243201
 0.8886963369196826
 0.9178293541421634
 0.9813376466146336
 1.039186386811282
 1.048469728600403
 0.9807562802035457
 0.8299354314345987
 0.611049923846606
 0.3542983988263382
 0.0975468738060705
 -0.1213386337819216
 -0.2721594825508689
 -0.339872930947726
 -0.3305895891586051
 -0.2727408489619563
 -0.2092325564894866
 -0.1800995392670066
 1.140725671320196
 1.169858688542677
 1.233366981015147
 1.291215721211795
 1.300499063000915
 1.232785614604061
 1.081964765835111
 0.8630792582471202
 0.6063277332268511
 0.3495762082065837
 0.130690700618592
 -0.02013014815035558
 -0.08784359654721244
 -0.07856025475809122
 -0.02071151456144303
 0.04279677791102689
 0.07192979513350713
 1.222007057529542
 1.251140074752021
 1.31464836722449
 1.372497107421138
 1.38178044921026
 1.314067000813404
 1.163246152044455
 0.9443606444564643
 0.6876091194361968
 0.4308575944159287
 0.2119720868279368
 0.06115123805898923
 -0.006562210337867756
 0.002721131451253568
 0.06056987164790171
 0.1240781641203715
 0.1532111813428517
 1.474036391930054
 1.503169409152535
 1.566677701625004
 1.624526441821655
 1.633809783610774
 1.566096335213917
 1.415275486444969
 1.196389978856978
 0.9396384538367103
 0.6828869288164423
 0.46400142122845
 0.3131805724595022
 0.2454671240626457
 0.2547504658517671
 0.3125992060484152
 0.376107498520885
 0.4052405157433652
 1.686715052687369
 1.715848069909847
 1.779356362382318
 1.837205102578968
 1.846488444368089
 1.77877499597123
 1.627954147202283
 1.409068639614292
 1.152317114594024
 0.8955655895737555
 0.6766800819857639
 0.5258592332168167
 0.4581457848199593
 0.4674291266090808
 0.5252778668057291
 0.588786159278199
 0.6179191765006786
 1.828334790756393
 1.857467807978875
 1.920976100451342
 1.978824840647991
 1.988108182437114
 1.920394734040257
 1.769573885271307
 1.550688377683317
 1.29393685266305
 1.03718532764278
 0.8182998200547886
 0.6674789712858408
 0.5997655228889847
 0.6090488646781052
 0.6668976048747539
 0.7304058973472238
 0.7595389145697026
 1.877163622931846
 1.906296640154326
 1.969804932626795
 2.027653672823446
 2.036937014612567
 1.96922356621571
 1.818402717446761
 1.59951720985877
 1.342765684838501
 1.086014159818234
 0.8671286522302423
 0.7163078034612944
 0.6485943550644371
 0.6578776968535586
 0.7157264370502066
 0.7792347295226769
 0.808367746745156
 1.825136918918993
 1.854269936141475
 1.917778228613944
 1.975626968810592
 1.984910310599714
 1.917196862202857
 1.76637601343391
 1.547490505845918
 1.290738980825649
 1.033987455805381
 0.8151019482173898
 0.6642810994484423
 0.596567651051586
 0.6058509928407068
 0.6636997330373551
 0.7272080255098249
 0.7563410427323047
 1.679540756427165
 1.708673773649647
 1.772182066122115
 1.830030806318764
 1.839314148107886
 1.771600699711028
 1.620779850942081
 1.40189434335409
 1.145142818333821
 0.8883912933135535
 0.6695057857255615
 0.5186849369566133
 0.4509714885597572
 0.4602548303488784
 0.5181035705455265
 0.5816118630179968
 0.6107448802404762
 1.462124464536121
 1.491257481758601
 1.554765774231071
 1.61261451442772
 1.62189785621684
 1.554184407819983
 1.403363559051036
 1.184478051463044
 0.9277265264427762
 0.670975001422509
 0.4520894938345165
 0.301268645065569
 0.2335551966687123
 0.2428385384578334
 0.3006872786544815
 0.3641955711269514
 0.3933285883494319
 1.205780780512596
 1.234913797735077
 1.298422090207546
 1.356270830404195
 1.365554172193315
 1.297840723796457
 1.147019875027511
 0.9281343674395188
 0.6713828424192505
 0.4146313173989831
 0.1957458098109908
 0.04492496104204328
 -0.02278848735481363
 -0.01350514556569238
 0.04434359463095579
 0.1078518871034257
 0.1369849043259059
 0.9494370964890702
 0.9785701137115486
 1.04207840618402
 1.099927146380668
 1.109210488169789
 1.041497039772934
 0.8906761910039848
 0.6717906834159929
 0.415039158395725
 0.1582876333754569
 -0.06059787421253501
 -0.2114187229814826
 -0.2791321713783396
 -0.2698488295892181
 -0.21200008939257
 -0.1484917969201
 -0.1193587796976199
 0.7320208045980252
 0.7611538218205063
 0.8246621142929754
 0.8825108544896222
 0.891794196278745
 0.8240807478818872
 0.6732598991129387
 0.4543743915249478
 0.1976228665046799
 -0.05912865851558782
 -0.2780141661035798
 -0.4288350148725273
 -0.496548463269384
 -0.4872651214802631
 -0.4294163812836148
 -0.3659080888111449
 -0.3367750715886649
 0.5864246421061965
 0.6155576593286776
 0.6790659518011467
 0.7369146919977952
 0.7461980337869156
 0.6784845853900594
 0.5276637366211112
 0.3087782290331195
 0.05202670401285156
 -0.2047248210074162
 -0.4236103285954081
 -0.574431177364356
 -0.6421446257612132
 -0.6328612839720913
 -0.575012543775443
 -0.5115042513029732
 -0.4823712340804935
 0.5343979380933458
 0.5635309553158252
 0.6270392477882939
 0.6848879879849431
 0.6941713297740644
 0.6264578813772078
 0.4756370326082599
 0.2567515250202679
 -1.029690731003405e-16
 -0.256751525020268
 -0.4756370326082603
 -0.6264578813772078
 -0.6941713297740647
 -0.6848879879849431
 -0.627039247788294
 -0.5635309553158248
 -0.5343979380933457
 0.5832267702687983
 0.6123597874912784
 0.6758680799637481
 0.7337168201603963
 0.7430001619495182
 0.6752867135526601
 0.5244658647837133
 0.3055803571957212
 0.04882883217545318
 -0.2079226928448147
 -0.4268082004328067
 -0.5776290492017537
 -0.6453424975986113
 -0.6360591558094895
 -0.5782104156128415
 -0.5147021231403719
 -0.4855691059178914
 0.7248465083378232
 0.7539795255603029
 0.8174878180327724
 0.8753365582294211
 0.8846199000185422
 0.8169064516216855
 0.6660856028527372
 0.447200095264745
 0.1904485702444778
 -0.06630295477579007
 -0.2851884623637819
 -0.4360093111327295
 -0.5037227595295865
 -0.4944394177404654
 -0.436590677543817
 -0.3730823850713468
 -0.3439493678488666
 0.9375251690951367
 0.9666581863176168
 1.030166478790088
 1.088015218986733
 1.097298560775855
 1.029585112378999
 0.8787642636100519
 0.6598787560220591
 0.4031272310017915
 0.1463757059815238
 -0.07250980160646824
 -0.2233306503754157
 -0.2910440987722729
 -0.2817607569831515
 -0.223912016786503
 -0.1604037243140333
 -0.131270707091553
 1.189554503495651
 1.218687520718129
 1.282195813190599
 1.340044553387249
 1.34932789517637
 1.281614446779513
 1.130793598010564
 0.9119080904225728
 0.6551565654023045
 0.3984050403820372
 0.1795195327940453
 0.02869868402509769
 -0.03901476437175932
 -0.02973142258263797
 0.02811731761401023
 0.0916256100864801
 0.1207586273089602
 1.16998035351669
 1.199113370739171
 1.26262166321164
 1.320470403408288
 1.329753745197409
 1.262040296800553
 1.111219448031604
 0.8923339404436128
 0.6355824154233445
 0.3788308904030772
 0.1599453828150852
 0.009124534046137542
 -0.05858891435071939
 -0.04930557256159811
 0.008543167635050105
 0.07205146010752
 0.1011844773300002
 1.422009687917203
 1.451142705139682
 1.514650997612153
 1.572499737808801
 1.581783079597924
 1.514069631201066
 1.363248782432117
 1.144363274844125
 0.8876117498238584
 0.6308602248035907
 0.4119747172155985
 0.2611538684466507
 0.1934404200497939
 0.2027237618389153
 0.2605725020355635
 0.3240807945080334
 0.3532138117305135
 1.634688348674516
 1.663821365896997
 1.727329658369467
 1.785178398566113
 1.794461740355237
 1.726748291958379
 1.575927443189431
 1.357041935601439
 1.100290410581172
 0.8435388855609043
 0.6246533779729125
 0.4738325292039646
 0.4061190808071079
 0.4154024225962287
 0.4732511627928773
 0.5367594552653472
 0.5658924724878268
 1.77630808674354
 1.805441103966023
 1.868949396438491
 1.92679813663514
 1.936081478424261
 1.868368030027403
 1.717547181258458
 1.498661673670466
 1.241910148650196
 0.9851586236299282
 0.7662731160419374
 0.6154522672729891
 0.547738818876132
 0.5570221606652543
 0.6148709008619018
 0.6783791933343711
 0.7075122105568512
 1.825136918918993
 1.854269936141475
 1.917778228613944
 1.975626968810592
 1.984910310599714
 1.917196862202857
 1.76637601343391
 1.547490505845918
 1.290738980825649
 1.033987455805382
 0.81510194821739
 0.6642810994484424
 0.596567651051586
 0.6058509928407068
 0.6636997330373549
 0.7272080255098248
 0.7563410427323046
 1.773110214906142
 1.802243232128624
 1.865751524601093
 1.923600264797739
 1.932883606586862
 1.865170158190006
 1.714349309421059
 1.495463801833065
 1.238712276812799
 0.9819607517925301
 0.7630752442045389
 0.6122543954355908
 0.544540947038734
 0.5538242888278547
 0.6116730290245037
 0.6751813214969731
 0.7043143387194528
 1.627514052414315
 1.656647069636794
 1.720155362109265
 1.778004102305912
 1.787287444095035
 1.719573995698176
 1.56875314692923
 1.349867639341237
 1.093116114320969
 0.8363645893007015
 0.6174790817127092
 0.4666582329437625
 0.3989447845469054
 0.4082281263360265
 0.4660768665326745
 0.5295851590051447
 0.5587181762276245
 1.41009776052327
 1.439230777745749
 1.502739070218221
 1.560587810414867
 1.569871152203987
 1.502157703807132
 1.351336855038184
 1.132451347450192
 0.8756998224299246
 0.6189482974096566
 0.4000627898216653
 0.2492419410527175
 0.1815284926558604
 0.1908118344449816
 0.2486605746416297
 0.3121688671140999
 0.3413018843365802
 1.153754076499743
 1.182887093722225
 1.246395386194693
 1.304244126391343
 1.313527468180463
 1.245814019783607
 1.094993171014659
 0.8761076634266673
 0.6193561384063992
 0.362604613386131
 0.1437191057981392
 -0.00710174297080844
 -0.07481519136766537
 -0.06553184957854402
 -0.00768310938189591
 0.055825183090574
 0.08495820031305426
 0.8974103924762171
 0.9265434096986984
 0.9900517021711681
 1.047900442367815
 1.057183784156937
 0.989470335760081
 0.8386494869911334
 0.6197639794031414
 0.363012454382873
 0.1062609293626053
 -0.1126245782253867
 -0.2634454269943343
 -0.3311588753911908
 -0.3218755336020699
 -0.2640267934054217
 -0.2005185009329518
 -0.1713854837104715
 0.6799941005851732
 0.7091271178076531
 0.7726354102801237
 0.8304841504767714
 0.8397674922658933
 0.7720540438690361
 0.6212331951000879
 0.4023476875120962
 0.1455961624918282
 -0.1111553625284396
 -0.3300408701164317
 -0.4808617188853792
 -0.5485751672822372
 -0.5392918254931148
 -0.4814430852964665
 -0.4179347928239968
 -0.3888017756015165
 0.5343979380933458
 0.563530955315825
 0.6270392477882939
 0.6848879879849432
 0.6941713297740649
 0.6264578813772076
 0.4756370326082601
 0.2567515250202679
 -1.48093962674625e-16
 -0.256751525020268
 -0.4756370326082605
 -0.6264578813772076
 -0.6941713297740653
 -0.6848879879849432
 -0.6270392477882941
 -0.563530955315825
 -0.5343979380933458
 0.4823712340804936
 0.5115042513029733
 0.5750125437754431
 0.6328612839720913
 0.642144625761213
 0.5744311773643559
 0.423610328595408
 0.204724821007416
 -0.05202670401285175
 -0.3087782290331197
 -0.5276637366211114
 -0.6784845853900596
 -0.7461980337869156
 -0.7369146919977952
 -0.6790659518011467
 -0.6155576593286773
 -0.586424642106196
 0.5312000662559466
 0.5603330834784268
 0.6238413759508965
 0.6816901161475442
 0.6909734579366658
 0.6232600095398085
 0.4724391607708611
 0.2535536531828692
 -0.003197871837398513
 -0.2599493968576663
 -0.4788349044456581
 -0.6296557532146064
 -0.697369201611463
 -0.6880858598223417
 -0.6302371196256938
 -0.5667288271532236
 -0.5375958099307431
 0.6728198043249717
 0.701952821547451
 0.7654611140199208
 0.8233098542165691
 0.8325931960056907
 0.764879747608833
 0.6140588988398862
 0.395173391251894
 0.138421866231626
 -0.1183296587886418
 -0.337215166376634
 -0.4880360151455811
 -0.5557494635424383
 -0.5464661217533165
 -0.488617381556669
 -0.4251090890841988
 -0.3959760718617187
 0.8854984650822848
 0.9146314823047645
 0.9781397747772349
 1.035988514973882
 1.045271856763005
 0.9775584083661473
 0.8267375595971997
 0.6078520520092072
 0.3511005269889397
 0.09434900196867196
 -0.12453650561932
 -0.2753573543882675
 -0.3430708027851246
 -0.3337874609960029
 -0.275938720799355
 -0.2124304283268851
 -0.1832974111044048
 1.1375277994828
 1.166660816705279
 1.230169109177749
 1.288017849374397
 1.297301191163517
 1.229587742766662
 1.078766893997712
 0.8598813864097213
 0.6031298613894532
 0.3463783363691854
 0.1274928287811936
 -0.023328019987754
 -0.09104146838461094
 -0.0817581265954896
 -0.02390938639884145
 0.03959890607362841
 0.0687319232961086
 1.024384191024862
 1.05351720824734
 1.117025500719809
 1.174874240916459
 1.18415758270558
 1.116444134308725
 0.9656232855397759
 0.7467377779517843
 0.4899862529315165
 0.2332347279112486
 0.01434922032325662
 -0.1364716284456909
 -0.2041850768425479
 -0.1949017350534266
 -0.1370529948567784
 -0.07354470238430855
 -0.04441168516182842
 1.276413525425374
 1.305546542647854
 1.369054835120324
 1.426903575316974
 1.436186917106093
 1.368473468709238
 1.217652619940289
 0.9987671123522979
 0.74201558733203
 0.4852640623117623
 0.2663785547237701
 0.1155577059548224
 0.04784425755796549
 0.05712759934708678
 0.1149763395437351
 0.1784846320162048
 0.2076176492386851
 1.489092186182688
 1.518225203405169
 1.581733495877638
 1.639582236074287
 1.648865577863408
 1.581152129466552
 1.430331280697603
 1.211445773109612
 0.9546942480893442
 0.6979427230690757
 0.4790572154810833
 0.3282363667121362
 0.2605229183152794
 0.2698062601044004
 0.327655000301049
 0.3911632927735188
 0.4202963099959987
 1.630711924251712
 1.659844941474193
 1.723353233946662
 1.781201974143311
 1.790485315932433
 1.722771867535575
 1.571951018766629
 1.353065511178636
 1.09631398615837
 0.8395624611381003
 0.6206769535501084
 0.4698561047811609
 0.4021426563843039
 0.4114259981734248
 0.4692747383700731
 0.5327830308425427
 0.5619160480650235
 1.679540756427165
 1.708673773649646
 1.772182066122115
 1.830030806318764
 1.839314148107886
 1.771600699711028
 1.620779850942081
 1.40189434335409
 1.145142818333821
 0.8883912933135535
 0.6695057857255615
 0.5186849369566133
 0.4509714885597572
 0.4602548303488784
 0.5181035705455265
 0.5816118630179968
 0.6107448802404762
 1.627514052414315
 1.656647069636794
 1.720155362109264
 1.778004102305912
 1.787287444095035
 1.719573995698176
 1.56875314692923
 1.349867639341237
 1.093116114320969
 0.8363645893007013
 0.6174790817127094
 0.4666582329437625
 0.3989447845469054
 0.4082281263360265
 0.4660768665326744
 0.5295851590051447
 0.5587181762276245
 1.481917889922486
 1.511050907144967
 1.574559199617434
 1.632407939814083
 1.641691281603206
 1.573977833206348
 1.423156984437399
 1.204271476849408
 0.9475199518291411
 0.6907684268088733
 0.4718829192208813
 0.3210620704519337
 0.253348622055077
 0.2626319638441978
 0.3204807040408463
 0.3839889965133163
 0.4131220137357964
 1.26450159803144
 1.293634615253921
 1.357142907726391
 1.414991647923039
 1.42427498971216
 1.356561541315304
 1.205740692546355
 0.9868551849583638
 0.7301036599380958
 0.473352134917828
 0.2544666273298367
 0.1036457785608889
 0.0359323301640319
 0.04521567195315324
 0.1030644121498015
 0.1665727046222712
 0.1957057218447514
 1.008157914007917
 1.037290931230396
 1.100799223702865
 1.158647963899514
 1.167931305688636
 1.100217857291777
 0.9493970085228299
 0.7305115009348379
 0.4737599759145703
 0.2170084508943025
 -0.001877056693689446
 -0.1526979054626368
 -0.2204113538594938
 -0.2111280120703724
 -0.1532792718737244
 -0.0897709794012545
 -0.06063796217877437
 0.7518142299843892
 0.7809472472068694
 0.844455539679339
 0.902304279875987
 0.9115876216651082
 0.8438741732682518
 0.6930533244993042
 0.4741678169113127
 0.2174162918910448
 -0.03933523312922334
 -0.2582207407172155
 -0.4090415894861629
 -0.4767550378830197
 -0.4674716960938981
 -0.4096229558972501
 -0.3461146634247799
 -0.3169816462023004
 0.5343979380933456
 0.5635309553158248
 0.6270392477882936
 0.6848879879849432
 0.694171329774064
 0.6264578813772076
 0.4756370326082597
 0.2567515250202678
 -1.974786051007664e-16
 -0.256751525020268
 -0.4756370326082601
 -0.6264578813772079
 -0.6941713297740646
 -0.6848879879849432
 -0.627039247788294
 -0.5635309553158248
 -0.5343979380933457
 0.3888017756015164
 0.4179347928239968
 0.4814430852964664
 0.5392918254931147
 0.548575167282237
 0.4808617188853792
 0.3300408701164313
 0.1111553625284392
 -0.1455961624918285
 -0.4023476875120965
 -0.6212331951000882
 -0.7720540438690361
 -0.8397674922658932
 -0.8304841504767716
 -0.7726354102801237
 -0.7091271178076531
 -0.6799941005851733
 0.3367750715886649
 0.3659080888111449
 0.4294163812836149
 0.4872651214802631
 0.4965484632693839
 0.4288350148725272
 0.2780141661035794
 0.0591286585155875
 -0.1976228665046803
 -0.454374391524948
 -0.6732598991129396
 -0.8240807478818875
 -0.8917941962787452
 -0.8825108544896223
 -0.8246621142929756
 -0.7611538218205061
 -0.7320208045980252
 0.3856039037641179
 0.4147369209865983
 0.4782452134590679
 0.5360939536557162
 0.545377295444838
 0.4776638470479805
 0.3268429982790326
 0.1079574906910408
 -0.1487940343292269
 -0.4055455593494946
 -0.6244310669374872
 -0.7752519157064347
 -0.8429653641032908
 -0.8336820223141695
 -0.7758332821175224
 -0.7123249896450521
 -0.6831919724225721
 0.5272236418331419
 0.5563566590556231
 0.6198649515280931
 0.6777136917247413
 0.6869970335138625
 0.6192835851170041
 0.4684627363480574
 0.2495772287600653
 -0.007174296260202521
 -0.2639258212804704
 -0.4828113288684622
 -0.633632177637409
 -0.7013456260342665
 -0.6920622842451447
 -0.6342135440484977
 -0.5707052515760277
 -0.5415722343535481
 0.7399023025904564
 0.7690353198129364
 0.8325436122854062
 0.8903923524820548
 0.8996756942711751
 0.8319622458743193
 0.6811413971053707
 0.4622558895173791
 0.2055043644971115
 -0.0512471605231565
 -0.2701326681111483
 -0.4209535168800957
 -0.4886669652769529
 -0.4793836234878316
 -0.4215348832911838
 -0.3580265908187135
 -0.3288935735962333
 0.9919316369909695
 1.02106465421345
 1.08457294668592
 1.142421686882568
 1.151705028671689
 1.083991580274833
 0.9331707315058847
 0.7142852239178934
 0.4575336988976249
 0.200782173877357
 -0.01810333371063493
 -0.1689241824795824
 -0.2366376308764393
 -0.2273542890873182
 -0.1695055488906698
 -0.1059972564182001
 -0.07686423919571996
 0.806967899133817
 0.8361009163562964
 0.8996092088287672
 0.9574579490254145
 0.9667412908145366
 0.899027842417679
 0.7482069936487314
 0.529321486060739
 0.2725699610404715
 0.01581843602020367
 -0.2030670715677884
 -0.3538879203367359
 -0.4216013687335926
 -0.4123180269444719
 -0.3544692867478234
 -0.2909609942753533
 -0.2618279770528732
 1.05899723353433
 1.088130250756809
 1.15163854322928
 1.209487283425927
 1.21877062521505
 1.151057176818193
 1.000236328049245
 0.7813508204612528
 0.5245992954409847
 0.2678477704207171
 0.04896226283272526
 -0.1018585859362224
 -0.1695720343330793
 -0.1602886925439581
 -0.1024399523473098
 -0.03893165987483998
 -0.009798642652359798
 1.271675894291644
 1.300808911514124
 1.364317203986593
 1.422165944183242
 1.431449285972362
 1.363735837575504
 1.212914988806558
 0.9940294812185669
 0.737277956198299
 0.4805264311780313
 0.261640923590039
 0.1108200748210913
 0.04310662642423441
 0.05238996821335574
 0.1102387084100039
 0.1737470008824737
 0.2028800181049539
 1.413295632360668
 1.442428649583148
 1.505936942055618
 1.563785682252266
 1.573069024041388
 1.505355575644531
 1.354534726875583
 1.135649219287592
 0.8788976942673231
 0.6221461692470559
 0.4032606616590635
 0.2524398128901161
 0.1847263644932589
 0.1940097062823802
 0.2518584464790283
 0.3153667389514982
 0.3444997561739784
 1.462124464536121
 1.491257481758602
 1.554765774231071
 1.61261451442772
 1.62189785621684
 1.554184407819983
 1.403363559051036
 1.184478051463044
 0.927726526442776
 0.6709750014225092
 0.4520894938345165
 0.301268645065569
 0.2335551966687123
 0.2428385384578334
 0.3006872786544815
 0.3641955711269514
 0.3933285883494319
 1.41009776052327
 1.439230777745749
 1.502739070218221
 1.560587810414867
 1.569871152203987
 1.502157703807132
 1.351336855038184
 1.132451347450192
 0.8756998224299244
 0.6189482974096565
 0.4000627898216653
 0.2492419410527174
 0.1815284926558604
 0.1908118344449816
 0.2486605746416297
 0.3121688671140999
 0.3413018843365802
 1.26450159803144
 1.293634615253921
 1.357142907726391
 1.414991647923039
 1.424274989712159
 1.356561541315304
 1.205740692546355
 0.9868551849583638
 0.7301036599380958
 0.473352134917828
 0.2544666273298367
 0.1036457785608889
 0.0359323301640319
 0.04521567195315324
 0.1030644121498015
 0.1665727046222712
 0.1957057218447514
 1.047085306140396
 1.076218323362875
 1.139726615835346
 1.197575356031994
 1.206858697821116
 1.139145249424255
 0.988324400655311
 0.7694388930673192
 0.512687368047052
 0.2559358430267837
 0.03705033543879151
 -0.113770513330156
 -0.1814839617270129
 -0.1722006199378915
 -0.1143518797412433
 -0.05084358726877355
 -0.02171057004629345
 0.7907416221168708
 0.8198746393393512
 0.8833829318118203
 0.9412316720084691
 0.9505150137975898
 0.882801565400733
 0.7319807166317847
 0.5130952090437935
 0.2563436840235259
 -0.0004078409967423036
 -0.2192933485847344
 -0.370114197353682
 -0.4378276457505386
 -0.4285443039614173
 -0.3706955637647693
 -0.3071872712922996
 -0.2780542540698194
 0.5343979380933457
 0.5635309553158248
 0.6270392477882941
 0.6848879879849431
 0.6941713297740643
 0.6264578813772073
 0.4756370326082597
 0.2567515250202679
 -2.179526655540909e-16
 -0.256751525020268
 -0.4756370326082601
 -0.6264578813772076
 -0.6941713297740646
 -0.6848879879849432
 -0.6270392477882949
 -0.563530955315825
 -0.5343979380933457
 0.3169816462023003
 0.3461146634247798
 0.4096229558972497
 0.467471696093898
 0.4767550378830192
 0.4090415894861628
 0.258220740717215
 0.03933523312922282
 -0.2174162918910451
 -0.4741678169113133
 -0.6930533244993049
 -0.8438741732682523
 -0.9115876216651083
 -0.9023042798759882
 -0.8444555396793392
 -0.7809472472068697
 -0.7518142299843894
 0.1713854837104714
 0.2005185009329518
 0.2640267934054216
 0.3218755336020697
 0.3311588753911905
 0.263445426994334
 0.1126245782253863
 -0.1062609293626057
 -0.3630124543828733
 -0.6197639794031414
 -0.8386494869911335
 -0.9894703357600819
 -1.057183784156937
 -1.047900442367815
 -0.9900517021711686
 -0.9265434096986986
 -0.8974103924762171
 0.1193587796976198
 0.1484917969201
 0.2120000893925698
 0.2698488295892181
 0.2791321713783395
 0.2114187229814824
 0.06059787421253471
 -0.1582876333754573
 -0.4150391583957251
 -0.6717906834159934
 -0.8906761910039853
 -1.041497039772934
 -1.109210488169789
 -1.099927146380668
 -1.04207840618402
 -0.978570113711549
 -0.9494370964890699
 0.1681876118730733
 0.1973206290955534
 0.2608289215680233
 0.3186776617646715
 0.3279610035537927
 0.2602475551569355
 0.1094267063879879
 -0.1094588012000041
 -0.366210326220272
 -0.62296185124054
 -0.8418473588285312
 -0.9926682075974795
 -1.060381655994337
 -1.051098314205215
 -0.9932495740085654
 -0.9297412815360968
 -0.9006082643136164
 0.3098073499420977
 0.3389403671645779
 0.402448659637048
 0.460297399833696
 0.4695807416228171
 0.4018672932259603
 0.2510464444570124
 0.03216093686902048
 -0.2245905881512475
 -0.481342113171515
 -0.7002276207595066
 -0.851048469528454
 -0.9187619179253117
 -0.9094785761361902
 -0.8516298359395421
 -0.7881215434670723
 -0.7589885262445916
 0.5224860106994109
 0.5516190279218921
 0.6151273203943612
 0.67297606059101
 0.6822594023801312
 0.6145459539832732
 0.4637251052143262
 0.2448395976263342
 -0.01191192739393352
 -0.2686634524142015
 -0.4875489600021934
 -0.6383698087711405
 -0.7060832571679975
 -0.6967999153788764
 -0.6389511751822281
 -0.5754428827097589
 -0.5463098654872786
 0.7745153450999253
 0.8036483623224049
 0.867156654794875
 0.9250053949915232
 0.9342887367806443
 0.866575288383788
 0.7157544396148394
 0.4968689320268478
 0.24011740700658
 -0.01663411801368785
 -0.2355196256016798
 -0.3863404743706272
 -0.4540539227674844
 -0.4447705809783636
 -0.3869218407817144
 -0.3234135483092448
 -0.2942805310867651
 0.5506242151102905
 0.5797572323327712
 0.6432655248052407
 0.7011142650018883
 0.7103976067910105
 0.6426841583941534
 0.4918633096252056
 0.2729778020372134
 0.01622627701694563
 -0.2405252480033223
 -0.4594107555913141
 -0.6102316043602614
 -0.677945052757119
 -0.6686617109679978
 -0.6108129707713487
 -0.5473046782988797
 -0.5181716610763996
 0.8026535495108037
 0.8317865667332839
 0.8952948592057546
 0.9531435994024017
 0.9624269411915236
 0.8947134927946663
 0.7438926440257192
 0.525007136437727
 0.268255611417459
 0.01150408639719132
 -0.2073814211908006
 -0.3582022699597482
 -0.425915718356605
 -0.4166323765674837
 -0.358783636370836
 -0.2952753438983656
 -0.2661423266758856
 1.015332210268119
 1.044465227490598
 1.107973519963068
 1.165822260159716
 1.175105601948838
 1.10739215355198
 0.9565713047830323
 0.737685797195041
 0.4809342721747732
 0.2241827471545051
 0.005297239566513154
 -0.1455236092024343
 -0.2132370575992913
 -0.20395371581017
 -0.1461049756135219
 -0.08259668314105195
 -0.05346366591857177
 1.156951948337141
 1.186084965559623
 1.249593258032091
 1.307441998228742
 1.316725340017862
 1.249011891621005
 1.098191042852057
 0.8793055352640643
 0.6225540102437972
 0.36580248522353
 0.1469169776355376
 -0.003903871133409958
 -0.07161731953026693
 -0.06233397774114559
 -0.004485237544497442
 0.05902305492797241
 0.08815607215045253
 1.205780780512596
 1.234913797735077
 1.298422090207546
 1.356270830404195
 1.365554172193315
 1.297840723796457
 1.147019875027511
 0.9281343674395182
 0.6713828424192505
 0.4146313173989831
 0.1957458098109908
 0.04492496104204328
 -0.02278848735481363
 -0.01350514556569238
 0.04434359463095579
 0.1078518871034257
 0.1369849043259059
 1.153754076499743
 1.182887093722225
 1.246395386194693
 1.304244126391343
 1.313527468180463
 1.245814019783607
 1.094993171014659
 0.8761076634266673
 0.6193561384063992
 0.362604613386131
 0.1437191057981392
 -0.007101742970808446
 -0.07481519136766536
 -0.06553184957854402
 -0.007683109381895912
 0.055825183090574
 0.08495820031305426
 1.008157914007916
 1.037290931230396
 1.100799223702865
 1.158647963899514
 1.167931305688636
 1.100217857291777
 0.9493970085228299
 0.7305115009348377
 0.4737599759145703
 0.2170084508943025
 -0.001877056693689439
 -0.1526979054626368
 -0.2204113538594936
 -0.2111280120703724
 -0.1532792718737244
 -0.0897709794012545
 -0.06063796217877437
 0.7907416221168705
 0.8198746393393512
 0.8833829318118203
 0.941231672008469
 0.9505150137975901
 0.882801565400733
 0.7319807166317847
 0.5130952090437935
 0.2563436840235259
 -0.0004078409967423056
 -0.2192933485847344
 -0.370114197353682
 -0.4378276457505387
 -0.4285443039614173
 -0.3706955637647693
 -0.3071872712922996
 -0.2780542540698194
 0.5343979380933457
 0.5635309553158248
 0.6270392477882936
 0.6848879879849431
 0.6941713297740637
 0.6264578813772076
 0.4756370326082597
 0.2567515250202679
 -2.329611890486177e-16
 -0.2567515250202681
 -0.4756370326082599
 -0.6264578813772078
 -0.6941713297740643
 -0.6848879879849432
 -0.6270392477882936
 -0.563530955315825
 -0.534397938093346
 0.2780542540698194
 0.3071872712922993
 0.370695563764769
 0.4285443039614172
 0.4378276457505383
 0.3701141973536815
 0.2192933485847338
 0.0004078409967418504
 -0.2563436840235261
 -0.513095209043794
 -0.7319807166317849
 -0.8828015654007335
 -0.9505150137975902
 -0.9412316720084695
 -0.8833829318118208
 -0.8198746393393512
 -0.7907416221168708
 0.06063796217877422
 0.08977097940125438
 0.1532792718737242
 0.2111280120703722
 0.2204113538594934
 0.1526979054626366
 0.001877056693688992
 -0.217008450894303
 -0.473759975914571
 -0.7305115009348379
 -0.9493970085228304
 -1.100217857291777
 -1.167931305688636
 -1.158647963899514
 -1.100799223702865
 -1.037290931230396
 -1.008157914007917
 -0.0849582003130543
 -0.05582518309057409
 0.007683109381895783
 0.06553184957854383
 0.07481519136766504
 0.007101742970808105
 -0.1437191057981393
 -0.3626046133861314
 -0.6193561384063995
 -0.8761076634266677
 -1.09499317101466
 -1.245814019783608
 -1.313527468180463
 -1.304244126391343
 -1.246395386194693
 -1.182887093722225
 -1.153754076499743
 -0.1369849043259059
 -0.1078518871034257
 -0.04434359463095587
 0.01350514556569221
 0.02278848735481344
 -0.04492496104204353
 -0.195745809810991
 -0.4146313173989834
 -0.6713828424192511
 -0.9281343674395194
 -1.147019875027511
 -1.297840723796457
 -1.365554172193315
 -1.356270830404195
 -1.298422090207546
 -1.234913797735077
 -1.205780780512596
 -0.08815607215045246
 -0.05902305492797238
 0.004485237544497417
 0.06233397774114555
 0.07161731953026677
 0.003903871133409751
 -0.1469169776355378
 -0.3658024852235303
 -0.622554010243798
 -0.879305535264065
 -1.098191042852058
 -1.249011891621005
 -1.316725340017862
 -1.307441998228742
 -1.249593258032091
 -1.186084965559623
 -1.156951948337141
 0.05346366591857188
 0.08259668314105208
 0.146104975613522
 0.20395371581017
 0.2132370575992912
 0.1455236092024342
 -0.005297239566513371
 -0.2241827471545054
 -0.4809342721747733
 -0.7376857971950411
 -0.9565713047830324
 -1.10739215355198
 -1.175105601948838
 -1.165822260159716
 -1.107973519963068
 -1.044465227490598
 -1.015332210268118
 0.2661423266758857
 0.295275343898366
 0.358783636370836
 0.4166323765674838
 0.425915718356605
 0.358202269959748
 0.2073814211908005
 -0.01150408639719156
 -0.2682556114174592
 -0.5250071364377271
 -0.7438926440257193
 -0.8947134927946662
 -0.9624269411915237
 -0.9531435994024017
 -0.8952948592057545
 -0.8317865667332837
 -0.8026535495108037
 0.5181716610763996
 0.5473046782988797
 0.6108129707713487
 0.6686617109679978
 0.6779450527571189
 0.6102316043602611
 0.4594107555913141
 0.2405252480033221
 -0.0162262770169459
 -0.2729778020372135
 -0.4918633096252057
 -0.6426841583941534
 -0.7103976067910105
 -0.7011142650018884
 -0.6432655248052406
 -0.579757232332771
 -0.5506242151102904
 0.2942805310867653
 0.3234135483092449
 0.3869218407817145
 0.4447705809783636
 0.4540539227674844
 0.3863404743706272
 0.2355196256016795
 0.01663411801368767
 -0.2401174070065802
 -0.4968689320268481
 -0.7157544396148394
 -0.866575288383788
 -0.9342887367806442
 -0.9250053949915232
 -0.8671566547948749
 -0.8036483623224048
 -0.774515345099925
 0.5463098654872789
 0.5754428827097589
 0.6389511751822285
 0.6967999153788765
 0.7060832571679974
 0.6383698087711404
 0.4875489600021933
 0.2686634524142011
 0.01191192739393334
 -0.2448395976263344
 -0.4637251052143265
 -0.6145459539832734
 -0.682259402380131
 -0.67297606059101
 -0.6151273203943611
 -0.5516190279218921
 -0.5224860106994109
 0.7589885262445918
 0.7881215434670725
 0.8516298359395421
 0.90947857613619
 0.9187619179253117
 0.851048469528454
 0.7002276207595066
 0.4813421131715149
 0.2245905881512473
 -0.0321609368690207
 -0.2510464444570125
 -0.4018672932259604
 -0.4695807416228172
 -0.4602973998336959
 -0.4024486596370478
 -0.3389403671645776
 -0.3098073499420977
 0.9006082643136164
 0.9297412815360967
 0.9932495740085653
 1.051098314205215
 1.060381655994337
 0.9926682075974792
 0.8418473588285308
 0.6229618512405398
 0.3662103262202716
 0.1094588012000037
 -0.1094267063879882
 -0.2602475551569357
 -0.3279610035537927
 -0.3186776617646715
 -0.2608289215680233
 -0.1973206290955533
 -0.1681876118730733
 0.9494370964890702
 0.9785701137115488
 1.04207840618402
 1.099927146380668
 1.109210488169789
 1.041497039772934
 0.8906761910039848
 0.6717906834159929
 0.415039158395725
 0.1582876333754569
 -0.06059787421253501
 -0.2114187229814826
 -0.2791321713783396
 -0.2698488295892181
 -0.21200008939257
 -0.1484917969201
 -0.1193587796976199
 0.897410392476217
 0.9265434096986986
 0.9900517021711681
 1.047900442367815
 1.057183784156937
 0.989470335760081
 0.8386494869911335
 0.6197639794031413
 0.363012454382873
 0.1062609293626053
 -0.1126245782253867
 -0.2634454269943343
 -0.3311588753911908
 -0.3218755336020698
 -0.2640267934054217
 -0.2005185009329519
 -0.1713854837104715
 0.7518142299843892
 0.7809472472068694
 0.844455539679339
 0.9023042798759876
 0.9115876216651083
 0.8438741732682518
 0.6930533244993042
 0.4741678169113126
 0.2174162918910448
 -0.03933523312922334
 -0.2582207407172155
 -0.409041589486163
 -0.4767550378830197
 -0.4674716960938981
 -0.40962295589725
 -0.3461146634247799
 -0.3169816462023004
 0.5343979380933457
 0.5635309553158248
 0.6270392477882941
 0.6848879879849431
 0.694171329774064
 0.6264578813772073
 0.4756370326082597
 0.2567515250202678
 -2.223966646828001e-16
 -0.256751525020268
 -0.47563703260826
 -0.6264578813772076
 -0.6941713297740646
 -0.6848879879849432
 -0.6270392477882947
 -0.5635309553158252
 -0.5343979380933457
 0.2780542540698193
 0.3071872712922993
 0.370695563764769
 0.4285443039614171
 0.4378276457505383
 0.3701141973536815
 0.2192933485847338
 0.0004078409967418605
 -0.2563436840235261
 -0.513095209043794
 -0.731980716631785
 -0.8828015654007335
 -0.9505150137975902
 -0.9412316720084695
 -0.8833829318118208
 -0.8198746393393512
 -0.7907416221168708
 0.02171057004629328
 0.05084358726877338
 0.1143518797412432
 0.1722006199378914
 0.1814839617270126
 0.1137705133301556
 -0.03705033543879199
 -0.255935843026784
 -0.5126873680470521
 -0.7694388930673197
 -0.9883244006553112
 -1.139145249424256
 -1.206858697821116
 -1.197575356031995
 -1.139726615835347
 -1.076218323362875
 -1.047085306140397
 -0.1957057218447514
 -0.1665727046222713
 -0.1030644121498016
 -0.04521567195315346
 -0.03593233016403223
 -0.1036457785608893
 -0.254466627329837
 -0.4733521349178287
 -0.7301036599380966
 -0.986855184958364
 -1.205740692546357
 -1.356561541315305
 -1.42427498971216
 -1.414991647923039
 -1.357142907726391
 -1.293634615253921
 -1.26450159803144
 -0.3413018843365802
 -0.3121688671140999
 -0.2486605746416298
 -0.1908118344449818
 -0.1815284926558607
 -0.2492419410527179
 -0.4000627898216655
 -0.6189482974096571
 -0.8756998224299247
 -1.132451347450193
 -1.351336855038185
 -1.502157703807132
 -1.569871152203987
 -1.560587810414867
 -1.502739070218221
 -1.439230777745749
 -1.41009776052327
 -0.3933285883494319
 -0.3641955711269514
 -0.3006872786544817
 -0.2428385384578336
 -0.2335551966687125
 -0.3012686450655694
 -0.4520894938345172
 -0.6709750014225094
 -0.9277265264427769
 -1.184478051463045
 -1.403363559051036
 -1.554184407819984
 -1.62189785621684
 -1.61261451442772
 -1.554765774231071
 -1.491257481758601
 -1.462124464536121
 -0.3444997561739784
 -0.3153667389514982
 -0.2518584464790283
 -0.1940097062823802
 -0.184726364493259
 -0.2524398128901162
 -0.4032606616590637
 -0.6221461692470559
 -0.8788976942673234
 -1.135649219287592
 -1.354534726875583
 -1.505355575644531
 -1.573069024041388
 -1.563785682252266
 -1.505936942055618
 -1.442428649583148
 -1.413295632360668
 -0.2028800181049539
 -0.1737470008824736
 -0.1102387084100039
 -0.05238996821335576
 -0.04310662642423448
 -0.1108200748210914
 -0.2616409235900391
 -0.4805264311780314
 -0.7372779561982993
 -0.994029481218567
 -1.212914988806558
 -1.363735837575505
 -1.431449285972362
 -1.422165944183242
 -1.364317203986593
 -1.300808911514124
 -1.271675894291644
 0.009798642652359907
 0.03893165987484008
 0.1024399523473099
 0.1602886925439581
 0.1695720343330793
 0.1018585859362222
 -0.04896226283272541
 -0.2678477704207174
 -0.5245992954409848
 -0.7813508204612533
 -1.000236328049245
 -1.151057176818193
 -1.21877062521505
 -1.209487283425927
 -1.15163854322928
 -1.088130250756809
 -1.058997233534329
 0.2618279770528733
 0.2909609942753534
 0.3544692867478236
 0.4123180269444719
 0.4216013687335926
 0.3538879203367358
 0.2030670715677881
 -0.01581843602020392
 -0.2725699610404718
 -0.5293214860607396
 -0.7482069936487316
 -0.899027842417679
 -0.9667412908145364
 -0.9574579490254146
 -0.8996092088287672
 -0.8361009163562962
 -0.8069678991338168
 0.07686423919572018
 0.1059972564182003
 0.16950554889067
 0.2273542890873183
 0.2366376308764393
 0.1689241824795824
 0.01810333371063483
 -0.2007821738773572
 -0.4575336988976251
 -0.7142852239178934
 -0.9331707315058847
 -1.083991580274833
 -1.151705028671689
 -1.142421686882568
 -1.08457294668592
 -1.021064654213449
 -0.9919316369909694
 0.3288935735962338
 0.3580265908187137
 0.4215348832911839
 0.4793836234878316
 0.4886669652769529
 0.4209535168800957
 0.2701326681111483
 0.0512471605231564
 -0.2055043644971115
 -0.4622558895173791
 -0.6811413971053709
 -0.8319622458743193
 -0.8996756942711751
 -0.8903923524820551
 -0.8325436122854061
 -0.7690353198129363
 -0.7399023025904561
 0.5415722343535481
 0.5707052515760277
 0.6342135440484978
 0.6920622842451447
 0.7013456260342664
 0.6336321776374086
 0.4828113288684621
 0.2639258212804703
 0.007174296260202277
 -0.2495772287600656
 -0.4684627363480574
 -0.6192835851170044
 -0.6869970335138625
 -0.6777136917247413
 -0.619864951528093
 -0.5563566590556229
 -0.5272236418331415
 0.6831919724225721
 0.7123249896450525
 0.7758332821175224
 0.8336820223141693
 0.8429653641032906
 0.7752519157064344
 0.6244310669374871
 0.4055455593494944
 0.1487940343292268
 -0.1079574906910411
 -0.326842998279033
 -0.4776638470479807
 -0.5453772954448383
 -0.5360939536557161
 -0.4782452134590678
 -0.414736920986598
 -0.3856039037641177
 0.7320208045980252
 0.7611538218205063
 0.8246621142929756
 0.8825108544896222
 0.8917941962787452
 0.8240807478818872
 0.6732598991129387
 0.4543743915249477
 0.1976228665046799
 -0.05912865851558782
 -0.2780141661035798
 -0.4288350148725273
 -0.4965484632693841
 -0.4872651214802631
 -0.4294163812836149
 -0.3659080888111449
 -0.3367750715886649
 0.6799941005851732
 0.7091271178076531
 0.7726354102801237
 0.8304841504767714
 0.8397674922658933
 0.7720540438690361
 0.6212331951000878
 0.402347687512096
 0.1455961624918282
 -0.1111553625284396
 -0.3300408701164317
 -0.4808617188853792
 -0.5485751672822373
 -0.5392918254931147
 -0.4814430852964664
 -0.4179347928239968
 -0.3888017756015165
 0.5343979380933455
 0.5635309553158248
 0.6270392477882936
 0.6848879879849432
 0.6941713297740641
 0.6264578813772076
 0.4756370326082598
 0.2567515250202678
 -2.062758177849305e-16
 -0.2567515250202681
 -0.4756370326082601
 -0.6264578813772079
 -0.6941713297740646
 -0.6848879879849432
 -0.6270392477882938
 -0.5635309553158248
 -0.5343979380933457
 0.3169816462023003
 0.3461146634247799
 0.4096229558972497
 0.4674716960938981
 0.4767550378830192
 0.4090415894861628
 0.258220740717215
 0.03933523312922282
 -0.2174162918910451
 -0.4741678169113133
 -0.6930533244993046
 -0.8438741732682522
 -0.9115876216651083
 -0.9023042798759878
 -0.8444555396793392
 -0.7809472472068697
 -0.7518142299843894
 0.06063796217877422
 0.08977097940125439
 0.1532792718737242
 0.2111280120703722
 0.2204113538594934
 0.1526979054626366
 0.001877056693689012
 -0.217008450894303
 -0.4737599759145709
 -0.7305115009348379
 -0.9493970085228305
 -1.100217857291777
 -1.167931305688636
 -1.158647963899514
 -1.100799223702865
 -1.037290931230396
 -1.008157914007917
 -0.1957057218447515
 -0.1665727046222713
 -0.1030644121498016
 -0.04521567195315346
 -0.0359323301640322
 -0.1036457785608893
 -0.254466627329837
 -0.4733521349178287
 -0.7301036599380966
 -0.986855184958364
 -1.205740692546357
 -1.356561541315305
 -1.42427498971216
 -1.414991647923039
 -1.357142907726391
 -1.293634615253921
 -1.26450159803144
 -0.4131220137357964
 -0.3839889965133164
 -0.3204807040408463
 -0.262631963844198
 -0.2533486220550773
 -0.321062070451934
 -0.4718829192208817
 -0.6907684268088734
 -0.9475199518291417
 -1.204271476849408
 -1.423156984437399
 -1.573977833206348
 -1.641691281603206
 -1.632407939814083
 -1.574559199617435
 -1.511050907144967
 -1.481917889922486
 -0.5587181762276245
 -0.5295851590051448
 -0.4660768665326745
 -0.4082281263360266
 -0.3989447845469055
 -0.4666582329437627
 -0.6174790817127098
 -0.8363645893007019
 -1.09311611432097
 -1.349867639341238
 -1.56875314692923
 -1.719573995698177
 -1.787287444095035
 -1.778004102305912
 -1.720155362109265
 -1.656647069636794
 -1.627514052414315
 -0.6107448802404761
 -0.5816118630179967
 -0.5181035705455265
 -0.4602548303488785
 -0.4509714885597573
 -0.5186849369566137
 -0.6695057857255615
 -0.8883912933135537
 -1.145142818333821
 -1.40189434335409
 -1.620779850942081
 -1.771600699711028
 -1.839314148107886
 -1.830030806318764
 -1.772182066122115
 -1.708673773649646
 -1.679540756427165
 -0.5619160480650233
 -0.5327830308425426
 -0.4692747383700731
 -0.411425998173425
 -0.4021426563843039
 -0.469856104781161
 -0.6206769535501088
 -0.8395624611381004
 -1.09631398615837
 -1.353065511178636
 -1.571951018766629
 -1.722771867535575
 -1.790485315932433
 -1.781201974143311
 -1.723353233946662
 -1.659844941474192
 -1.630711924251712
 -0.4202963099959987
 -0.3911632927735187
 -0.3276550003010489
 -0.2698062601044004
 -0.2605229183152795
 -0.3282363667121365
 -0.4790572154810836
 -0.6979427230690757
 -0.9546942480893442
 -1.211445773109612
 -1.430331280697603
 -1.581152129466552
 -1.648865577863408
 -1.639582236074287
 -1.581733495877638
 -1.518225203405169
 -1.489092186182688
 -0.207617649238685
 -0.1784846320162045
 -0.114976339543735
 -0.05712759934708665
 -0.04784425755796547
 -0.1155577059548225
 -0.2663785547237701
 -0.4852640623117624
 -0.74201558733203
 -0.9987671123522982
 -1.21765261994029
 -1.368473468709238
 -1.436186917106093
 -1.426903575316974
 -1.369054835120324
 -1.305546542647854
 -1.276413525425375
 0.04441168516182867
 0.07354470238430875
 0.1370529948567786
 0.1949017350534266
 0.2041850768425479
 0.1364716284456909
 -0.01434922032325669
 -0.2332347279112487
 -0.4899862529315165
 -0.7467377779517845
 -0.9656232855397759
 -1.116444134308725
 -1.184157582705579
 -1.174874240916459
 -1.117025500719809
 -1.05351720824734
 -1.024384191024861
 -0.06873192329610835
 -0.0395989060736282
 0.02390938639884161
 0.08175812659548982
 0.09104146838461101
 0.02332801998775401
 -0.1274928287811936
 -0.3463783363691855
 -0.6031298613894532
 -0.8598813864097213
 -1.078766893997712
 -1.229587742766662
 -1.297301191163517
 -1.288017849374397
 -1.230169109177749
 -1.166660816705278
 -1.137527799482799
 0.1832974111044052
 0.2124304283268853
 0.2759387207993553
 0.333787460996003
 0.3430708027851248
 0.2753573543882675
 0.1245365056193199
 -0.09434900196867209
 -0.3511005269889398
 -0.6078520520092073
 -0.8267375595971999
 -0.9775584083661475
 -1.045271856763005
 -1.035988514973882
 -0.9781397747772346
 -0.9146314823047642
 -0.8854984650822844
 0.395976071861719
 0.425109089084199
 0.4886173815566691
 0.5464661217533165
 0.5557494635424385
 0.488036015145581
 0.3372151663766337
 0.1183296587886416
 -0.1384218662316263
 -0.3951733912518941
 -0.6140588988398862
 -0.7648797476088333
 -0.8325931960056904
 -0.8233098542165691
 -0.7654611140199208
 -0.7019528215474503
 -0.6728198043249711
 0.5375958099307433
 0.5667288271532237
 0.6302371196256938
 0.6880858598223417
 0.6973692016114631
 0.6296557532146062
 0.4788349044456581
 0.2599493968576659
 0.003197871837398272
 -0.2535536531828695
 -0.4724391607708611
 -0.623260009539809
 -0.6909734579366658
 -0.6816901161475442
 -0.6238413759508965
 -0.5603330834784268
 -0.5312000662559465
 0.5864246421061965
 0.6155576593286776
 0.6790659518011467
 0.7369146919977952
 0.7461980337869156
 0.6784845853900595
 0.5276637366211111
 0.3087782290331195
 0.05202670401285153
 -0.2047248210074162
 -0.4236103285954081
 -0.5744311773643559
 -0.6421446257612132
 -0.6328612839720913
 -0.575012543775443
 -0.5115042513029733
 -0.4823712340804936
 0.5343979380933457
 0.5635309553158252
 0.6270392477882939
 0.6848879879849432
 0.6941713297740646
 0.6264578813772076
 0.4756370326082603
 0.2567515250202678
 -1.571492821575557e-16
 -0.256751525020268
 -0.4756370326082605
 -0.6264578813772076
 -0.6941713297740653
 -0.6848879879849432
 -0.627039247788294
 -0.5635309553158252
 -0.5343979380933458
 0.3888017756015165
 0.4179347928239968
 0.4814430852964664
 0.5392918254931147
 0.5485751672822369
 0.4808617188853791
 0.3300408701164313
 0.1111553625284392
 -0.1455961624918286
 -0.4023476875120965
 -0.6212331951000882
 -0.7720540438690361
 -0.8397674922658931
 -0.8304841504767716
 -0.7726354102801237
 -0.7091271178076531
 -0.6799941005851733
 0.1713854837104714
 0.2005185009329518
 0.2640267934054215
 0.3218755336020697
 0.3311588753911905
 0.263445426994334
 0.1126245782253864
 -0.1062609293626057
 -0.3630124543828733
 -0.6197639794031414
 -0.8386494869911335
 -0.9894703357600821
 -1.057183784156937
 -1.047900442367815
 -0.9900517021711686
 -0.9265434096986986
 -0.8974103924762171
 -0.08495820031305433
 -0.05582518309057409
 0.007683109381895783
 0.06553184957854383
 0.07481519136766504
 0.007101742970808103
 -0.1437191057981393
 -0.3626046133861314
 -0.6193561384063995
 -0.8761076634266677
 -1.09499317101466
 -1.245814019783608
 -1.313527468180463
 -1.304244126391343
 -1.246395386194693
 -1.182887093722225
 -1.153754076499743
 -0.3413018843365802
 -0.3121688671141
 -0.2486605746416299
 -0.1908118344449818
 -0.1815284926558607
 -0.2492419410527179
 -0.4000627898216655
 -0.6189482974096572
 -0.8756998224299247
 -1.132451347450193
 -1.351336855038185
 -1.502157703807132
 -1.569871152203987
 -1.560587810414867
 -1.502739070218221
 -1.439230777745749
 -1.41009776052327
 -0.5587181762276245
 -0.5295851590051447
 -0.4660768665326745
 -0.4082281263360266
 -0.3989447845469055
 -0.4666582329437627
 -0.6174790817127098
 -0.8363645893007019
 -1.09311611432097
 -1.349867639341238
 -1.56875314692923
 -1.719573995698177
 -1.787287444095035
 -1.778004102305912
 -1.720155362109265
 -1.656647069636794
 -1.627514052414315
 -0.7043143387194528
 -0.6751813214969731
 -0.6116730290245037
 -0.5538242888278547
 -0.5445409470387341
 -0.6122543954355909
 -0.7630752442045389
 -0.9819607517925304
 -1.238712276812799
 -1.495463801833066
 -1.714349309421059
 -1.865170158190007
 -1.932883606586862
 -1.923600264797739
 -1.865751524601093
 -1.802243232128624
 -1.773110214906142
 -0.7563410427323045
 -0.7272080255098248
 -0.663699733037355
 -0.605850992840707
 -0.5965676510515862
 -0.6642810994484425
 -0.8151019482173902
 -1.033987455805382
 -1.290738980825649
 -1.547490505845918
 -1.76637601343391
 -1.917196862202857
 -1.984910310599714
 -1.975626968810592
 -1.917778228613944
 -1.854269936141475
 -1.825136918918993
 -0.7075122105568511
 -0.6783791933343709
 -0.6148709008619017
 -0.557022160665254
 -0.547738818876132
 -0.6154522672729893
 -0.7662731160419374
 -0.9851586236299282
 -1.241910148650196
 -1.498661673670466
 -1.717547181258458
 -1.868368030027403
 -1.936081478424261
 -1.92679813663514
 -1.868949396438491
 -1.805441103966022
 -1.77630808674354
 -0.5658924724878269
 -0.5367594552653465
 -0.4732511627928773
 -0.4154024225962284
 -0.4061190808071078
 -0.4738325292039647
 -0.6246533779729125
 -0.8435388855609043
 -1.100290410581172
 -1.35704193560144
 -1.575927443189431
 -1.726748291958379
 -1.794461740355237
 -1.785178398566113
 -1.727329658369467
 -1.663821365896998
 -1.634688348674515
 -0.3532138117305135
 -0.3240807945080333
 -0.2605725020355635
 -0.2027237618389152
 -0.1934404200497938
 -0.2611538684466507
 -0.4119747172155988
 -0.6308602248035907
 -0.8876117498238586
 -1.144363274844125
 -1.363248782432117
 -1.514069631201066
 -1.581783079597924
 -1.572499737808801
 -1.514650997612153
 -1.451142705139682
 -1.422009687917203
 -0.1011844773299999
 -0.07205146010751974
 -0.008543167635049913
 0.04930557256159828
 0.05858891435071946
 -0.009124534046137524
 -0.1599453828150852
 -0.3788308904030772
 -0.6355824154233445
 -0.8923339404436127
 -1.111219448031604
 -1.262040296800553
 -1.329753745197409
 -1.320470403408288
 -1.26262166321164
 -1.19911337073917
 -1.16998035351669
 -0.1207586273089598
 -0.09162561008647985
 -0.02811731761400999
 0.02973142258263814
 0.0390147643717594
 -0.02869868402509761
 -0.1795195327940452
 -0.3984050403820372
 -0.6551565654023046
 -0.9119080904225728
 -1.130793598010564
 -1.281614446779513
 -1.34932789517637
 -1.340044553387248
 -1.282195813190599
 -1.218687520718129
 -1.18955450349565
 0.1312707070915534
 0.1604037243140337
 0.2239120167865032
 0.2817607569831517
 0.2910440987722732
 0.2233306503754158
 0.07250980160646824
 -0.1463757059815238
 -0.4031272310017915
 -0.6598787560220593
 -0.8787642636100517
 -1.029585112378999
 -1.097298560775855
 -1.088015218986734
 -1.030166478790087
 -0.9666581863176164
 -0.9375251690951364
 0.3439493678488674
 0.3730823850713472
 0.4365906775438173
 0.4944394177404656
 0.5037227595295867
 0.4360093111327296
 0.2851884623637819
 0.06630295477579003
 -0.190448570244478
 -0.447200095264745
 -0.6660856028527374
 -0.8169064516216855
 -0.8846199000185422
 -0.8753365582294211
 -0.8174878180327719
 -0.7539795255603023
 -0.7248465083378227
 0.4855691059178914
 0.5147021231403724
 0.5782104156128417
 0.6360591558094899
 0.6453424975986113
 0.5776290492017537
 0.4268082004328066
 0.2079226928448146
 -0.04882883217545333
 -0.3055803571957215
 -0.5244658647837133
 -0.6752867135526601
 -0.7430001619495182
 -0.7337168201603963
 -0.6758680799637479
 -0.6123597874912781
 -0.583226770268798
 0.5343979380933458
 0.5635309553158252
 0.627039247788294
 0.6848879879849431
 0.6941713297740645
 0.6264578813772078
 0.4756370326082599
 0.2567515250202679
 -1.178465147847578e-16
 -0.2567515250202679
 -0.4756370326082601
 -0.6264578813772078
 -0.6941713297740646
 -0.6848879879849431
 -0.627039247788294
 -0.5635309553158248
 -0.5343979380933458
 0.4823712340804936
 0.5115042513029733
 0.5750125437754431
 0.6328612839720913
 0.6421446257612129
 0.5744311773643559
 0.423610328595408
 0.204724821007416
 -0.05202670401285175
 -0.3087782290331197
 -0.5276637366211114
 -0.6784845853900596
 -0.7461980337869157
 -0.7369146919977952
 -0.6790659518011467
 -0.6155576593286773
 -0.5864246421061963
 0.3367750715886649
 0.3659080888111449
 0.4294163812836149
 0.4872651214802631
 0.4965484632693839
 0.4288350148725272
 0.2780141661035794
 0.05912865851558749
 -0.1976228665046803
 -0.454374391524948
 -0.6732598991129396
 -0.8240807478818875
 -0.8917941962787452
 -0.8825108544896222
 -0.8246621142929756
 -0.7611538218205062
 -0.7320208045980252
 0.1193587796976198
 0.1484917969201
 0.2120000893925698
 0.2698488295892181
 0.2791321713783395
 0.2114187229814824
 0.06059787421253469
 -0.1582876333754573
 -0.4150391583957253
 -0.6717906834159932
 -0.8906761910039853
 -1.041497039772934
 -1.109210488169789
 -1.099927146380668
 -1.04207840618402
 -0.9785701137115488
 -0.9494370964890702
 -0.1369849043259059
 -0.1078518871034257
 -0.04434359463095589
 0.01350514556569221
 0.02278848735481344
 -0.04492496104204353
 -0.195745809810991
 -0.4146313173989834
 -0.6713828424192508
 -0.9281343674395194
 -1.147019875027511
 -1.297840723796457
 -1.365554172193315
 -1.356270830404195
 -1.298422090207546
 -1.234913797735077
 -1.205780780512596
 -0.3933285883494318
 -0.3641955711269514
 -0.3006872786544816
 -0.2428385384578336
 -0.2335551966687125
 -0.3012686450655693
 -0.4520894938345172
 -0.6709750014225093
 -0.9277265264427769
 -1.184478051463045
 -1.403363559051036
 -1.554184407819984
 -1.62189785621684
 -1.61261451442772
 -1.554765774231071
 -1.491257481758602
 -1.462124464536121
 -0.6107448802404761
 -0.5816118630179966
 -0.5181035705455264
 -0.4602548303488785
 -0.4509714885597572
 -0.5186849369566139
 -0.6695057857255615
 -0.8883912933135536
 -1.145142818333821
 -1.40189434335409
 -1.620779850942081
 -1.771600699711028
 -1.839314148107886
 -1.830030806318764
 -1.772182066122115
 -1.708673773649646
 -1.679540756427165
 -0.7563410427323044
 -0.7272080255098249
 -0.6636997330373551
 -0.605850992840707
 -0.5965676510515862
 -0.6642810994484425
 -0.8151019482173902
 -1.033987455805382
 -1.290738980825649
 -1.547490505845918
 -1.76637601343391
 -1.917196862202857
 -1.984910310599714
 -1.975626968810592
 -1.917778228613944
 -1.854269936141475
 -1.825136918918993
 -0.808367746745156
 -0.7792347295226769
 -0.7157264370502066
 -0.6578776968535586
 -0.6485943550644373
 -0.7163078034612944
 -0.8671286522302423
 -1.086014159818234
 -1.342765684838501
 -1.59951720985877
 -1.818402717446761
 -1.96922356621571
 -2.036937014612567
 -2.027653672823446
 -1.969804932626794
 -1.906296640154326
 -1.877163622931846
 -0.7595389145697022
 -0.7304058973472234
 -0.6668976048747538
 -0.609048864678105
 -0.5997655228889847
 -0.6674789712858409
 -0.8182998200547887
 -1.03718532764278
 -1.29393685266305
 -1.550688377683317
 -1.769573885271307
 -1.920394734040257
 -1.988108182437114
 -1.978824840647991
 -1.920976100451341
 -1.857467807978875
 -1.828334790756392
 -0.617919176500678
 -0.588786159278199
 -0.5252778668057291
 -0.4674291266090807
 -0.4581457848199592
 -0.5258592332168166
 -0.6766800819857639
 -0.8955655895737555
 -1.152317114594024
 -1.409068639614291
 -1.627954147202283
 -1.77877499597123
 -1.846488444368088
 -1.837205102578967
 -1.779356362382318
 -1.715848069909847
 -1.686715052687369
 -0.4052405157433648
 -0.3761074985208848
 -0.3125992060484149
 -0.2547504658517667
 -0.2454671240626456
 -0.3131805724595022
 -0.46400142122845
 -0.6828869288164422
 -0.9396384538367103
 -1.196389978856978
 -1.415275486444969
 -1.566096335213917
 -1.633809783610774
 -1.624526441821655
 -1.566677701625004
 -1.503169409152534
 -1.474036391930054
 -0.1532111813428514
 -0.1240781641203714
 -0.06056987164790157
 -0.002721131451253382
 0.006562210337867891
 -0.06115123805898918
 -0.2119720868279368
 -0.4308575944159286
 -0.6876091194361968
 -0.9443606444564643
 -1.163246152044455
 -1.314067000813403
 -1.38178044921026
 -1.372497107421138
 -1.31464836722449
 -1.251140074752021
 -1.222007057529542
 -0.07192979513350663
 -0.04279677791102656
 0.02071151456144329
 0.07856025475809138
 0.08784359654721273
 0.02013014815035574
 -0.1306907006185919
 -0.3495762082065836
 -0.606327733226851
 -0.8630792582471202
 -1.081964765835111
 -1.232785614604059
 -1.300499063000915
 -1.291215721211794
 -1.233366981015147
 -1.169858688542677
 -1.140725671320196
 0.1800995392670068
 0.2092325564894869
 0.2727408489619568
 0.3305895891586053
 0.339872930947726
 0.2721594825508691
 0.1213386337819217
 -0.09754687380607045
 -0.3542983988263382
 -0.6110499238466057
 -0.8299354314345982
 -0.9807562802035457
 -1.048469728600403
 -1.039186386811282
 -0.9813376466146333
 -0.9178293541421628
 -0.8886963369196824
 0.3927782000243205
 0.4219112172468009
 0.4854195097192704
 0.5432682499159186
 0.5525515917050398
 0.484838143308183
 0.3340172945392355
 0.1151317869512433
 -0.1416197380690245
 -0.3983712630892925
 -0.6172567706772846
 -0.7680776194462317
 -0.8357910678430889
 -0.8265077260539668
 -0.7686589858573196
 -0.70515069338485
 -0.6760176761623694
 0.5343979380933457
 0.5635309553158248
 0.6270392477882943
 0.6848879879849432
 0.6941713297740647
 0.6264578813772078
 0.4756370326082598
 0.2567515250202679
 -3.708640892335161e-17
 -0.2567515250202679
 -0.4756370326082598
 -0.6264578813772076
 -0.6941713297740643
 -0.6848879879849432
 -0.6270392477882937
 -0.5635309553158248
 -0.5343979380933457
 0.5832267702687984
 0.6123597874912784
 0.6758680799637482
 0.7337168201603963
 0.7430001619495182
 0.67528671355266
 0.5244658647837133
 0.3055803571957213
 0.04882883217545318
 -0.2079226928448147
 -0.4268082004328067
 -0.5776290492017537
 -0.6453424975986113
 -0.6360591558094895
 -0.5782104156128416
 -0.5147021231403719
 -0.4855691059178914
 0.5312000662559466
 0.5603330834784268
 0.6238413759508965
 0.6816901161475442
 0.6909734579366658
 0.6232600095398086
 0.4724391607708611
 0.2535536531828692
 -0.003197871837398513
 -0.2599493968576663
 -0.4788349044456582
 -0.6296557532146065
 -0.6973692016114627
 -0.6880858598223417
 -0.6302371196256937
 -0.5667288271532236
 -0.5375958099307432
 0.385603903764118
 0.4147369209865983
 0.4782452134590679
 0.5360939536557161
 0.5453772954448382
 0.4776638470479805
 0.3268429982790325
 0.1079574906910408
 -0.1487940343292269
 -0.4055455593494946
 -0.6244310669374873
 -0.7752519157064343
 -0.8429653641032908
 -0.8336820223141695
 -0.7758332821175224
 -0.7123249896450523
 -0.6831919724225721
 0.1681876118730733
 0.1973206290955534
 0.2608289215680233
 0.3186776617646715
 0.3279610035537927
 0.2602475551569355
 0.1094267063879879
 -0.1094588012000041
 -0.3662103262202721
 -0.6229618512405402
 -0.841847358828531
 -0.9926682075974795
 -1.060381655994337
 -1.051098314205215
 -0.9932495740085654
 -0.9297412815360967
 -0.9006082643136164
 -0.08815607215045244
 -0.05902305492797238
 0.004485237544497415
 0.06233397774114555
 0.07161731953026677
 0.003903871133409753
 -0.1469169776355378
 -0.3658024852235303
 -0.6225540102437981
 -0.8793055352640651
 -1.098191042852057
 -1.249011891621005
 -1.316725340017862
 -1.307441998228742
 -1.249593258032091
 -1.186084965559623
 -1.156951948337141
 -0.3444997561739784
 -0.3153667389514982
 -0.2518584464790283
 -0.1940097062823802
 -0.184726364493259
 -0.2524398128901161
 -0.4032606616590638
 -0.6221461692470559
 -0.8788976942673236
 -1.135649219287592
 -1.354534726875583
 -1.505355575644531
 -1.573069024041388
 -1.563785682252266
 -1.505936942055618
 -1.442428649583148
 -1.413295632360668
 -0.5619160480650233
 -0.5327830308425425
 -0.4692747383700731
 -0.411425998173425
 -0.4021426563843039
 -0.469856104781161
 -0.6206769535501088
 -0.8395624611381004
 -1.09631398615837
 -1.353065511178636
 -1.571951018766629
 -1.722771867535575
 -1.790485315932433
 -1.781201974143311
 -1.723353233946662
 -1.659844941474192
 -1.630711924251712
 -0.7075122105568512
 -0.6783791933343709
 -0.6148709008619018
 -0.557022160665254
 -0.547738818876132
 -0.6154522672729892
 -0.7662731160419375
 -0.9851586236299285
 -1.241910148650196
 -1.498661673670466
 -1.717547181258458
 -1.868368030027404
 -1.936081478424261
 -1.92679813663514
 -1.868949396438491
 -1.805441103966023
 -1.77630808674354
 -0.7595389145697026
 -0.7304058973472237
 -0.6668976048747538
 -0.6090488646781052
 -0.5997655228889847
 -0.6674789712858407
 -0.8182998200547887
 -1.03718532764278
 -1.29393685266305
 -1.550688377683317
 -1.769573885271307
 -1.920394734040257
 -1.988108182437114
 -1.978824840647991
 -1.920976100451341
 -1.857467807978875
 -1.828334790756393
 -0.7107100823942498
 -0.6815770651717695
 -0.6180687726992995
 -0.5602200325026523
 -0.5509366907135308
 -0.6186501391103878
 -0.7694709878793348
 -0.9883564954673276
 -1.245108020487595
 -1.501859545507864
 -1.720745053095854
 -1.871565901864803
 -1.939279350261661
 -1.929996008472539
 -1.87214726827589
 -1.80863897580342
 -1.779505958580941
 -0.5690903443252256
 -0.5399573271027445
 -0.4764490346302753
 -0.4186002944336271
 -0.4093169526445062
 -0.4770304010413631
 -0.6278512498103107
 -0.8467367573983026
 -1.10348828241857
 -1.360239807438839
 -1.579125315026831
 -1.729946163795778
 -1.797659612192634
 -1.788376270403514
 -1.730527530206865
 -1.667019237734394
 -1.637886220511915
 -0.3564116835679118
 -0.3272786663454312
 -0.2637703738729616
 -0.2059216336763134
 -0.1966382918871924
 -0.2643517402840493
 -0.4151725890529968
 -0.6340580966409891
 -0.8908096216612572
 -1.147561146681525
 -1.366446654269516
 -1.517267503038463
 -1.584980951435321
 -1.575697609646199
 -1.517848869449551
 -1.454340576977081
 -1.425207559754602
 -0.1043823491673982
 -0.07524933194491804
 -0.01174103947244823
 0.04610770072419988
 0.05539104251332117
 -0.0123224058835358
 -0.1631432546524835
 -0.3820287622404754
 -0.6387802872607432
 -0.8955318122810115
 -1.114417319869002
 -1.265238168637951
 -1.332951617034807
 -1.323668275245687
 -1.265819535049037
 -1.202311242576567
 -1.173178225354088
 0.06968994293551788
 0.09882296015799792
 0.1623312526304678
 0.2201799928271159
 0.2294633346162373
 0.1617498862193804
 0.01092903745043268
 -0.2079564701375593
 -0.4647079951578272
 -0.721459520178095
 -0.9403450277660859
 -1.091165876535034
 -1.158879324931892
 -1.149595983142771
 -1.091747242946121
 -1.028238950473653
 -0.9991059332511716
 0.321719277336031
 0.3508522945585117
 0.4143605870309816
 0.4722093272276294
 0.4814926690167507
 0.4137792206198938
 0.2629583718509463
 0.04407286426295415
 -0.2126786607573138
 -0.4694301857775822
 -0.6883156933655735
 -0.8391365421345199
 -0.9068499905313779
 -0.8975666487422559
 -0.8397179085456087
 -0.7762096160731391
 -0.7470765988506584
 0.5343979380933458
 0.5635309553158248
 0.6270392477882945
 0.6848879879849432
 0.6941713297740647
 0.6264578813772076
 0.4756370326082601
 0.256751525020268
 3.430985463830411e-17
 -0.256751525020268
 -0.4756370326082598
 -0.6264578813772076
 -0.6941713297740645
 -0.6848879879849431
 -0.6270392477882942
 -0.5635309553158248
 -0.5343979380933457
 0.6760176761623696
 0.7051506933848503
 0.7686589858573196
 0.8265077260539672
 0.8357910678430892
 0.7680776194462318
 0.6172567706772848
 0.3983712630892926
 0.1416197380690245
 -0.1151317869512434
 -0.3340172945392355
 -0.4848381433081829
 -0.5525515917050396
 -0.5432682499159185
 -0.4854195097192699
 -0.4219112172468005
 -0.3927782000243198
 0.7248465083378233
 0.7539795255603029
 0.8174878180327726
 0.8753365582294211
 0.8846199000185422
 0.8169064516216855
 0.6660856028527372
 0.447200095264745
 0.1904485702444778
 -0.06630295477579005
 -0.2851884623637819
 -0.4360093111327294
 -0.5037227595295865
 -0.4944394177404653
 -0.4365906775438169
 -0.3730823850713469
 -0.3439493678488666
 0.6728198043249717
 0.701952821547451
 0.7654611140199209
 0.8233098542165691
 0.8325931960056907
 0.764879747608833
 0.6140588988398862
 0.395173391251894
 0.1384218662316259
 -0.1183296587886418
 -0.337215166376634
 -0.4880360151455811
 -0.5557494635424384
 -0.5464661217533165
 -0.488617381556669
 -0.4251090890841987
 -0.3959760718617186
 0.5272236418331419
 0.5563566590556236
 0.6198649515280931
 0.6777136917247413
 0.6869970335138625
 0.6192835851170041
 0.4684627363480574
 0.2495772287600653
 -0.007174296260202524
 -0.2639258212804704
 -0.4828113288684622
 -0.633632177637409
 -0.7013456260342665
 -0.6920622842451447
 -0.6342135440484977
 -0.5707052515760277
 -0.5415722343535481
 0.3098073499420977
 0.3389403671645779
 0.402448659637048
 0.4602973998336959
 0.4695807416228171
 0.4018672932259603
 0.2510464444570124
 0.03216093686902048
 -0.2245905881512475
 -0.481342113171515
 -0.7002276207595066
 -0.851048469528454
 -0.9187619179253117
 -0.90947857613619
 -0.8516298359395421
 -0.7881215434670723
 -0.7589885262445917
 0.05346366591857188
 0.08259668314105208
 0.146104975613522
 0.20395371581017
 0.2132370575992912
 0.1455236092024342
 -0.005297239566513396
 -0.2241827471545054
 -0.4809342721747733
 -0.7376857971950411
 -0.9565713047830323
 -1.10739215355198
 -1.175105601948838
 -1.165822260159716
 -1.107973519963068
 -1.044465227490598
 -1.015332210268118
 -0.2028800181049539
 -0.1737470008824736
 -0.1102387084100039
 -0.05238996821335576
 -0.0431066264242345
 -0.1108200748210914
 -0.2616409235900391
 -0.4805264311780314
 -0.7372779561982993
 -0.9940294812185673
 -1.212914988806558
 -1.363735837575505
 -1.431449285972362
 -1.422165944183242
 -1.364317203986593
 -1.300808911514124
 -1.271675894291644
 -0.4202963099959987
 -0.3911632927735186
 -0.327655000301049
 -0.2698062601044004
 -0.2605229183152795
 -0.3282363667121365
 -0.4790572154810836
 -0.6979427230690757
 -0.9546942480893444
 -1.211445773109612
 -1.430331280697603
 -1.581152129466552
 -1.648865577863408
 -1.639582236074287
 -1.581733495877638
 -1.518225203405169
 -1.489092186182688
 -0.5658924724878268
 -0.5367594552653465
 -0.4732511627928772
 -0.4154024225962284
 -0.4061190808071079
 -0.4738325292039647
 -0.6246533779729125
 -0.8435388855609043
 -1.100290410581172
 -1.35704193560144
 -1.575927443189431
 -1.726748291958379
 -1.794461740355237
 -1.785178398566113
 -1.727329658369467
 -1.663821365896998
 -1.634688348674515
 -0.6179191765006781
 -0.588786159278199
 -0.525277866805729
 -0.4674291266090807
 -0.4581457848199593
 -0.5258592332168166
 -0.6766800819857639
 -0.8955655895737555
 -1.152317114594024
 -1.409068639614292
 -1.627954147202284
 -1.77877499597123
 -1.846488444368089
 -1.837205102578967
 -1.779356362382318
 -1.715848069909847
 -1.686715052687369
 -0.5690903443252255
 -0.5399573271027445
 -0.4764490346302753
 -0.4186002944336271
 -0.4093169526445062
 -0.4770304010413631
 -0.6278512498103107
 -0.8467367573983026
 -1.10348828241857
 -1.360239807438839
 -1.57912531502683
 -1.729946163795778
 -1.797659612192634
 -1.788376270403514
 -1.730527530206865
 -1.667019237734394
 -1.637886220511915
 -0.427470606256201
 -0.3983375890337207
 -0.334829296561251
 -0.2769805563646025
 -0.2676972145754812
 -0.3354106629723388
 -0.4862315117412862
 -0.7051170193292782
 -0.9618685443495467
 -1.218620069369815
 -1.437505576957805
 -1.588326425726753
 -1.656039874123612
 -1.64675653233449
 -1.588907792137839
 -1.525399499665371
 -1.496266482442888
 -0.2147919454988871
 -0.1856589282764071
 -0.122150635803937
 -0.06430189560728888
 -0.05501855381816768
 -0.1227320022150247
 -0.2735528509839724
 -0.4924383585719644
 -0.7491898835922324
 -1.0059414086125
 -1.224826916200492
 -1.37564776496944
 -1.443361213366297
 -1.434077871577176
 -1.376229131380527
 -1.312720838908058
 -1.283587821685577
 0.03723738890162639
 0.06637040612410645
 0.1298786985965763
 0.1877274387932243
 0.1970107805823458
 0.1292973321854888
 -0.02152351658345885
 -0.240409024171451
 -0.4971605491917184
 -0.7539120742119865
 -0.9727975817999783
 -1.123618430568927
 -1.191331878965782
 -1.182048537176663
 -1.124199796980013
 -1.060691504507544
 -1.031558487285063
 0.2823686036928319
 0.3115016209153124
 0.3750099133877816
 0.4328586535844298
 0.4421419953735512
 0.3744285469766942
 0.2236076982077467
 0.004722190619754557
 -0.2520293344005134
 -0.508780859420781
 -0.7276663670087731
 -0.8784872157777213
 -0.9462006641745778
 -0.9369173223854558
 -0.8790685821888083
 -0.8155602897163388
 -0.7864272724938585
 0.5343979380933459
 0.5635309553158254
 0.6270392477882939
 0.6848879879849432
 0.694171329774065
 0.6264578813772076
 0.4756370326082599
 0.256751525020268
 6.037332246430785e-17
 -0.2567515250202679
 -0.4756370326082597
 -0.6264578813772076
 -0.6941713297740647
 -0.6848879879849431
 -0.6270392477882936
 -0.5635309553158248
 -0.5343979380933457
 0.7470765988506589
 0.7762096160731398
 0.839717908545609
 0.8975666487422567
 0.9068499905313779
 0.8391365421345205
 0.6883156933655735
 0.4694301857775823
 0.212678660757314
 -0.04407286426295409
 -0.2629583718509462
 -0.4137792206198936
 -0.4814926690167504
 -0.4722093272276293
 -0.4143605870309813
 -0.3508522945585112
 -0.3217192773360308
 0.8886963369196826
 0.9178293541421634
 0.9813376466146336
 1.039186386811282
 1.048469728600403
 0.9807562802035457
 0.8299354314345985
 0.611049923846606
 0.3542983988263382
 0.0975468738060705
 -0.1213386337819216
 -0.272159482550869
 -0.339872930947726
 -0.3305895891586051
 -0.2727408489619563
 -0.2092325564894865
 -0.1800995392670066
 0.9375251690951368
 0.9666581863176166
 1.030166478790088
 1.088015218986734
 1.097298560775855
 1.029585112378999
 0.878764263610052
 0.6598787560220589
 0.4031272310017914
 0.1463757059815238
 -0.07250980160646824
 -0.2233306503754157
 -0.2910440987722729
 -0.2817607569831515
 -0.223912016786503
 -0.1604037243140333
 -0.131270707091553
 0.8854984650822849
 0.9146314823047645
 0.9781397747772349
 1.035988514973882
 1.045271856763005
 0.9775584083661474
 0.8267375595971995
 0.6078520520092072
 0.3511005269889398
 0.09434900196867196
 -0.12453650561932
 -0.2753573543882676
 -0.3430708027851246
 -0.3337874609960029
 -0.275938720799355
 -0.212430428326885
 -0.1832974111044048
 0.7399023025904564
 0.7690353198129364
 0.8325436122854062
 0.8903923524820553
 0.8996756942711751
 0.8319622458743193
 0.6811413971053707
 0.4622558895173791
 0.2055043644971115
 -0.0512471605231565
 -0.2701326681111483
 -0.4209535168800957
 -0.4886669652769527
 -0.4793836234878316
 -0.4215348832911838
 -0.3580265908187135
 -0.3288935735962333
 0.5224860106994109
 0.5516190279218921
 0.6151273203943611
 0.67297606059101
 0.682259402380131
 0.6145459539832729
 0.4637251052143262
 0.2448395976263342
 -0.01191192739393353
 -0.2686634524142014
 -0.4875489600021934
 -0.6383698087711404
 -0.7060832571679975
 -0.6967999153788764
 -0.6389511751822281
 -0.5754428827097589
 -0.5463098654872783
 0.2661423266758857
 0.295275343898366
 0.358783636370836
 0.4166323765674837
 0.4259157183566049
 0.3582022699597479
 0.2073814211908005
 -0.01150408639719156
 -0.2682556114174592
 -0.5250071364377272
 -0.7438926440257193
 -0.8947134927946662
 -0.9624269411915237
 -0.9531435994024017
 -0.8952948592057542
 -0.8317865667332837
 -0.8026535495108037
 0.009798642652359907
 0.03893165987484008
 0.1024399523473099
 0.1602886925439581
 0.1695720343330793
 0.1018585859362222
 -0.04896226283272541
 -0.2678477704207174
 -0.5245992954409848
 -0.7813508204612533
 -1.000236328049245
 -1.151057176818193
 -1.21877062521505
 -1.209487283425927
 -1.15163854322928
 -1.088130250756809
 -1.058997233534329
 -0.2076176492386851
 -0.1784846320162045
 -0.114976339543735
 -0.05712759934708665
 -0.04784425755796547
 -0.1155577059548225
 -0.2663785547237703
 -0.4852640623117624
 -0.7420155873320301
 -0.9987671123522981
 -1.21765261994029
 -1.368473468709238
 -1.436186917106093
 -1.426903575316974
 -1.369054835120324
 -1.305546542647854
 -1.276413525425374
 -0.3532138117305135
 -0.3240807945080333
 -0.2605725020355635
 -0.2027237618389152
 -0.1934404200497938
 -0.2611538684466507
 -0.4119747172155988
 -0.6308602248035908
 -0.8876117498238586
 -1.144363274844125
 -1.363248782432117
 -1.514069631201066
 -1.581783079597924
 -1.5724997378088
 -1.514650997612153
 -1.451142705139682
 -1.422009687917202
 -0.4052405157433649
 -0.3761074985208848
 -0.3125992060484149
 -0.2547504658517667
 -0.2454671240626455
 -0.3131805724595022
 -0.46400142122845
 -0.6828869288164422
 -0.9396384538367103
 -1.196389978856978
 -1.415275486444969
 -1.566096335213917
 -1.633809783610774
 -1.624526441821655
 -1.566677701625004
 -1.503169409152534
 -1.474036391930054
 -0.3564116835679118
 -0.3272786663454313
 -0.2637703738729616
 -0.2059216336763134
 -0.1966382918871924
 -0.2643517402840493
 -0.4151725890529968
 -0.6340580966409891
 -0.8908096216612573
 -1.147561146681525
 -1.366446654269516
 -1.517267503038463
 -1.584980951435321
 -1.575697609646199
 -1.517848869449551
 -1.454340576977081
 -1.425207559754602
 -0.2147919454988871
 -0.1856589282764071
 -0.122150635803937
 -0.06430189560728887
 -0.05501855381816768
 -0.1227320022150247
 -0.2735528509839725
 -0.4924383585719644
 -0.7491898835922322
 -1.0059414086125
 -1.224826916200492
 -1.375647764969439
 -1.443361213366297
 -1.434077871577176
 -1.376229131380527
 -1.312720838908058
 -1.283587821685578
 -0.002113284741573258
 0.02701973248090685
 0.09052802495337675
 0.1483767651500247
 0.157660106939146
 0.08994665854228917
 -0.06087419022665848
 -0.2797596978146504
 -0.5365112228349186
 -0.7932627478551858
 -1.012148255443178
 -1.162969104212126
 -1.230682552608983
 -1.221399210819862
 -1.163550470623213
 -1.100042178150743
 -1.070909160928263
 0.2499160496589402
 0.2790490668814207
 0.34255735935389
 0.4004060995505382
 0.4096894413396589
 0.3419759929428027
 0.1911551441738551
 -0.02773036341413698
 -0.2844818884344048
 -0.5412334134546725
 -0.760118921042665
 -0.9109397698116126
 -0.97865321820847
 -0.9693698764193476
 -0.9115211362226997
 -0.8480128437502304
 -0.8188798265277498
 0.534397938093346
 0.5635309553158255
 0.627039247788295
 0.6848879879849432
 0.6941713297740653
 0.6264578813772079
 0.4756370326082605
 0.2567515250202679
 7.458426998019841e-17
 -0.2567515250202679
 -0.47563703260826
 -0.6264578813772078
 -0.6941713297740646
 -0.6848879879849432
 -0.6270392477882941
 -0.5635309553158252
 -0.5343979380933458
 0.7864272724938585
 0.8155602897163391
 0.8790685821888085
 0.9369173223854564
 0.9462006641745779
 0.8784872157777215
 0.7276663670087732
 0.5087808594207811
 0.2520293344005135
 -0.004722190619754392
 -0.2236076982077466
 -0.3744285469766942
 -0.442141995373551
 -0.4328586535844295
 -0.3750099133877809
 -0.3115016209153113
 -0.2823686036928315
 0.9991059332511716
 1.028238950473654
 1.091747242946122
 1.149595983142772
 1.158879324931892
 1.091165876535034
 0.9403450277660861
 0.7214595201780952
 0.4647079951578273
 0.2079564701375594
 -0.01092903745043255
 -0.1617498862193799
 -0.229463334616237
 -0.2201799928271156
 -0.1623312526304674
 -0.09882296015799762
 -0.06968994293551739
 1.140725671320196
 1.169858688542677
 1.233366981015147
 1.291215721211794
 1.300499063000915
 1.23278561460406
 1.081964765835111
 0.8630792582471202
 0.6063277332268511
 0.3495762082065837
 0.130690700618592
 -0.02013014815035559
 -0.08784359654721244
 -0.07856025475809122
 -0.02071151456144303
 0.04279677791102691
 0.07192979513350713
 1.189554503495651
 1.218687520718129
 1.282195813190599
 1.340044553387249
 1.34932789517637
 1.281614446779513
 1.130793598010564
 0.9119080904225728
 0.6551565654023044
 0.3984050403820372
 0.1795195327940452
 0.02869868402509769
 -0.0390147643717593
 -0.02973142258263796
 0.02811731761401023
 0.0916256100864801
 0.1207586273089602
 1.1375277994828
 1.166660816705279
 1.230169109177749
 1.288017849374397
 1.297301191163517
 1.229587742766662
 1.078766893997712
 0.8598813864097213
 0.603129861389453
 0.3463783363691855
 0.1274928287811937
 -0.023328019987754
 -0.09104146838461094
 -0.08175812659548957
 -0.02390938639884144
 0.03959890607362841
 0.06873192329610858
 0.9919316369909695
 1.02106465421345
 1.08457294668592
 1.142421686882568
 1.151705028671689
 1.083991580274833
 0.9331707315058847
 0.7142852239178932
 0.4575336988976249
 0.200782173877357
 -0.01810333371063492
 -0.1689241824795824
 -0.2366376308764393
 -0.2273542890873182
 -0.1695055488906698
 -0.1059972564182002
 -0.07686423919571996
 0.7745153450999253
 0.8036483623224051
 0.8671566547948749
 0.9250053949915232
 0.9342887367806442
 0.866575288383788
 0.7157544396148394
 0.4968689320268479
 0.24011740700658
 -0.01663411801368786
 -0.2355196256016797
 -0.3863404743706272
 -0.4540539227674844
 -0.4447705809783636
 -0.3869218407817144
 -0.3234135483092448
 -0.2942805310867649
 0.5181716610763996
 0.5473046782988797
 0.6108129707713487
 0.6686617109679978
 0.6779450527571189
 0.6102316043602611
 0.4594107555913141
 0.2405252480033221
 -0.0162262770169459
 -0.2729778020372135
 -0.4918633096252057
 -0.6426841583941535
 -0.7103976067910105
 -0.7011142650018884
 -0.6432655248052405
 -0.579757232332771
 -0.5506242151102904
 0.2618279770528733
 0.2909609942753534
 0.3544692867478236
 0.4123180269444719
 0.4216013687335926
 0.3538879203367358
 0.2030670715677881
 -0.01581843602020393
 -0.2725699610404718
 -0.5293214860607396
 -0.7482069936487316
 -0.899027842417679
 -0.9667412908145365
 -0.9574579490254146
 -0.8996092088287672
 -0.836100916356296
 -0.8069678991338168
 0.04441168516182865
 0.07354470238430875
 0.1370529948567785
 0.1949017350534267
 0.2041850768425478
 0.1364716284456909
 -0.01434922032325669
 -0.2332347279112487
 -0.4899862529315165
 -0.7467377779517845
 -0.9656232855397759
 -1.116444134308725
 -1.18415758270558
 -1.174874240916459
 -1.117025500719809
 -1.05351720824734
 -1.024384191024861
 -0.1011844773299999
 -0.07205146010751974
 -0.008543167635049915
 0.04930557256159828
 0.05858891435071945
 -0.009124534046137523
 -0.1599453828150852
 -0.3788308904030772
 -0.6355824154233448
 -0.8923339404436126
 -1.111219448031604
 -1.262040296800553
 -1.329753745197409
 -1.320470403408288
 -1.26262166321164
 -1.19911337073917
 -1.16998035351669
 -0.1532111813428514
 -0.1240781641203714
 -0.06056987164790157
 -0.002721131451253373
 0.006562210337867895
 -0.06115123805898918
 -0.2119720868279368
 -0.4308575944159286
 -0.6876091194361968
 -0.9443606444564643
 -1.163246152044455
 -1.314067000813404
 -1.38178044921026
 -1.372497107421138
 -1.31464836722449
 -1.25114007475202
 -1.222007057529542
 -0.1043823491673982
 -0.07524933194491805
 -0.01174103947244823
 0.04610770072419988
 0.05539104251332117
 -0.0123224058835358
 -0.1631432546524835
 -0.3820287622404754
 -0.6387802872607431
 -0.8955318122810115
 -1.114417319869002
 -1.265238168637951
 -1.332951617034808
 -1.323668275245687
 -1.265819535049037
 -1.202311242576567
 -1.173178225354088
 0.03723738890162639
 0.06637040612410645
 0.1298786985965763
 0.1877274387932242
 0.1970107805823458
 0.1292973321854888
 -0.02152351658345885
 -0.240409024171451
 -0.4971605491917184
 -0.7539120742119865
 -0.9727975817999783
 -1.123618430568927
 -1.191331878965782
 -1.182048537176663
 -1.124199796980013
 -1.060691504507544
 -1.031558487285063
 0.2499160496589402
 0.2790490668814207
 0.3425573593538903
 0.4004060995505382
 0.409689441339659
 0.3419759929428026
 0.1911551441738551
 -0.02773036341413697
 -0.2844818884344048
 -0.5412334134546724
 -0.760118921042665
 -0.9109397698116128
 -0.9786532182084698
 -0.9693698764193476
 -0.9115211362226997
 -0.8480128437502304
 -0.8188798265277498
 0.5019453840594537
 0.5310784012819342
 0.5945866937544043
 0.6524354339510515
 0.6617187757401727
 0.5940053273433167
 0.4431844785743688
 0.2242989709863764
 -0.03245255403389144
 -0.2892040790541592
 -0.5080895866421514
 -0.6589104354110992
 -0.7266238838079564
 -0.7173405420188347
 -0.659491801822186
 -0.5959835093497171
 -0.5668504921272369
