9
1.191693508520844
0.510562709886632
0.510566612993563
0.510566613307455
0.510566613307486
0.510566613307487
17
1.191693508520844
0.290264667787524
0.290266545917680
0.290266545998756
0.290266545998764
0.290266545998761
33
1.191693508520844
29073514231406.414062500000000
0.132848008007150
0.132848007833860
0.132848007833843
0.132848007833843
65
1.191693508520844
115636946819105393329022326001754963968.000000000000000
5395046991409356720710574253954514648736745220814116509764763500460450905748104020304324432089841664.000000000000000
0.045582133135017
0.045582133134995
0.045582133134996
129
1.191693508520844
87013396141148382457875888898919084019256267972719395580411904.000000000000000
nan
0.000000000000027
0.000000000000005
