0.5668630281128816
 0.5959914618141099
 0.6594895192009328
 0.717327527409191
 0.7266039967968458
 0.6588892543979945
 0.5080721693659408
 0.2891939390446652
 0.03245144013206203
 -0.224291058780541
 -0.4431692891018166
 -0.5939863741338703
 -0.6617011165327212
 -0.6524246471450671
 -0.594586638936808
 -0.5310885815499852
 -0.5019601478487565
 0.8188836764615148
 0.8480121101627434
 0.9115101675495662
 0.9693481757578251
 0.9786246451454792
 0.9109099027466274
 0.7600928177145744
 0.5412145873932995
 0.2844720884806956
 0.02772958956809245
 -0.1911486407531832
 -0.3419657257852365
 -0.4096804681840879
 -0.4004039987964336
 -0.3425659905881747
 -0.2790679332013521
 -0.249939499500124
 1.031554860065459
 1.060683293766688
 1.124181351153511
 1.182019359361769
 1.191295828749423
 1.123581086350572
 0.9727640013185187
 0.7538857709972429
 0.49714327208464
 0.2404007731720369
 0.02152254285076119
 -0.1292945421812923
 -0.1970092845801434
 -0.1877328151924894
 -0.1298948069842304
 -0.06639674959740778
 -0.03726831589617963
 1.173169445299953
 1.202297879001182
 1.265795936388004
 1.323633944596263
 1.332910413983917
 1.265195671585066
 1.114378586553012
 0.8955003562317356
 0.6387578573191333
 0.3820153584065302
 0.1631371280852545
 0.01232004305320105
 -0.05539469934565004
 -0.04611822995799586
 0.01171977825026303
 0.07521783563708574
 0.1043462693383137
 1.221996347776839
 1.251124781478068
 1.314622838864891
 1.372460847073149
 1.381737316460803
 1.314022574061951
 1.163205489029898
 0.9443272587086222
 0.6875847597960192
 0.4308422608834164
 0.2119640305621407
 0.06114694553008719
 -0.006567796868763861
 0.002708672518890313
 0.06054668072714917
 0.1240447381139718
 0.1531731718152
 1.169971351948854
 1.199099785650083
 1.262597843036905
 1.320435851245165
 1.329712320632819
 1.261997578233967
 1.111180493201914
 0.8923022628806374
 0.6355597639680344
 0.3788172650554312
 0.1599390347341558
 0.009121949702102186
 -0.05859279269674882
 -0.04931632330909466
 0.008521684899164175
 0.07201974228598675
 0.1011481759872149
 1.024380323846217
 1.053508757547445
 1.117006814934268
 1.174844823142528
 1.184121292530181
 1.11640655013133
 0.9655894650992766
 0.7467112347780009
 0.4899687358653976
 0.2332262369527947
 0.01434800663151909
 -0.1364690784005344
 -0.2041838207993853
 -0.1949073514117313
 -0.1370693432034724
 -0.07357128581664983
 -0.04444285211542166
 0.8069718001591382
 0.8361002338603664
 0.8995982912471893
 0.9574362994554484
 0.9667127688431023
 0.8989980264442508
 0.7481809414121968
 0.5293027110909219
 0.2725602121783183
 0.01581771326571558
 -0.2030605170555601
 -0.3538776020876135
 -0.4215923444864648
 -0.4123158750988105
 -0.3544778668905516
 -0.290979809503729
 -0.2618513758025009
 0.5506373080468504
 0.5797657417480792
 0.6432637991349015
 0.7011018073431603
 0.7103782767308147
 0.6426635343319629
 0.4918464492999096
 0.2729682189786339
 0.01622572006603089
 -0.2405167788465721
 -0.4593950091678479
 -0.610212094199901
 -0.6779268365987529
 -0.6686503672110984
 -0.6108123590028388
 -0.5473143016160171
 -0.5181858679147888
 0.2943028159345629
 0.3234312496357911
 0.3869293070226137
 0.4447673152308725
 0.4540437846185266
 0.3863290422196753
 0.2355119571876218
 0.0166337268663462
 -0.2401087720462568
 -0.4968512709588599
 -0.7157295012801352
 -0.8665465863121888
 -0.9342613287110406
 -0.9249848593233864
 -0.8671468511151275
 -0.8036487937283044
 -0.774520360027076
 0.07689429224748379
 0.106022725948712
 0.1695207833355345
 0.2273587915437932
 0.2366352609314475
 0.1689205185325964
 0.01810343350054278
 -0.2007747968207329
 -0.4575172957333357
 -0.7142597946459389
 -0.9331380249672147
 -1.083955109999268
 -1.151669852398119
 -1.142393383010465
 -1.084555374802205
 -1.021057317415384
 -0.991928883714155
 -0.0686967358551527
 -0.03956830215392455
 0.02392975523289799
 0.08176776344115678
 0.0910442328288109
 0.02332949042995976
 -0.1274875946020939
 -0.3463658249233692
 -0.6031083238359726
 -0.8598508227485755
 -1.078729053069851
 -1.229546138101905
 -1.297260880500756
 -1.287984411113102
 -1.230146402904842
 -1.16664834551802
 -1.137519911816793
 -0.1207217316831377
 -0.0915932979819095
 -0.02809524059508695
 0.02974276761317185
 0.03901923700082595
 -0.02869550539802516
 -0.1795125904300788
 -0.3983908207513546
 -0.6551333196639566
 -0.9118758185765604
 -1.130754048897836
 -1.28157113392989
 -1.349285876328741
 -1.340009406941087
 -1.282171398732828
 -1.218673341346005
 -1.189544907644777
 -0.07189482920625136
 -0.04276639550502331
 0.02073166188179928
 0.07856967009005814
 0.08784613947771219
 0.02013139707886104
 -0.1306856879531924
 -0.3495639182744681
 -0.6063064171870711
 -0.8630489160996739
 -1.081927146420949
 -1.232744231453003
 -1.300458973851855
 -1.2911825044642
 -1.233344496255943
 -1.169846438869119
 -1.14071800516789
 0.06971975602824203
 0.09884818972947018
 0.1623462471162927
 0.2201842553245517
 0.2294607247122057
 0.1617459823133545
 0.01092889728130092
 -0.2079493330399749
 -0.4646918319525779
 -0.7214343308651807
 -0.9403125611864563
 -1.09112964621851
 -1.158844388617361
 -1.149567919229707
 -1.091729911021448
 -1.028231853634626
 -0.9991034199333969
 0.2823909396321865
 0.3115193733334145
 0.3750174307202371
 0.432855438928496
 0.4421319083161498
 0.3744171659172987
 0.2236000808852452
 0.004721850563969652
 -0.2520206483486334
 -0.5087631472612368
 -0.7276413775825122
 -0.8784584626145653
 -0.9461732050134168
 -0.9368967356257621
 -0.8790587274175036
 -0.8155606700306804
 -0.7864322363294524
 0.534411587980819
 0.5635400216820481
 0.6270380790688707
 0.6848760872771292
 0.6941525566647839
 0.6264378142659326
 0.4756207292338788
 0.2567424989126033
 7.036637476742155e-17
 -0.2567424989126031
 -0.4756207292338785
 -0.6264378142659323
 -0.6941525566647836
 -0.6848760872771288
 -0.6270380790688701
 -0.5635400216820475
 -0.5344115879808182
 0.8188836764615148
 0.8480121101627434
 0.9115101675495662
 0.9693481757578251
 0.9786246451454792
 0.9109099027466274
 0.7600928177145744
 0.5412145873932995
 0.2844720884806956
 0.02772958956809244
 -0.1911486407531832
 -0.3419657257852365
 -0.4096804681840879
 -0.4004039987964336
 -0.3425659905881747
 -0.2790679332013521
 -0.249939499500124
 1.07090432481015
 1.100032758511378
 1.1635308158982
 1.221368824106459
 1.230645293494113
 1.162930551095261
 1.012113466063207
 0.7932352357419321
 0.5364927368293289
 0.2797502379167261
 0.06087200759545032
 -0.08994507743660322
 -0.1576598198354544
 -0.1483833504478002
 -0.0905453422395413
 -0.02704728485271864
 0.002081148848509516
 1.283575508414095
 1.312703942115321
 1.376201999502144
 1.434040007710402
 1.443316477098057
 1.375601734699206
 1.224784649667153
 1.005906419345876
 0.7491639204332733
 0.49242142152067
 0.2735431911993947
 0.1227261061673412
 0.05501136376849007
 0.06428783315614417
 0.1221258413644031
 0.1856238987512257
 0.214752332452454
 1.425190093648586
 1.454318527349814
 1.517816584736639
 1.575654592944896
 1.58493106233255
 1.517216319933699
 1.366399234901645
 1.147521004580369
 0.8907785056677671
 0.6340360067551641
 0.4151577764338878
 0.2643406914018346
 0.1966259490029834
 0.2059024183906376
 0.2637404265988967
 0.327238483985719
 0.3563669176869475
 1.474016996125473
 1.503145429826701
 1.566643487213523
 1.624481495421782
 1.633757964809437
 1.566043222410585
 1.415226137378532
 1.196347907057256
 0.9396054081446531
 0.6828629092320502
 0.4639846789107742
 0.3131675938787207
 0.2454528514798695
 0.2547293208675237
 0.3125673290757826
 0.3760653864626053
 0.4051938201638334
 1.421992000297487
 1.451120433998716
 1.514618491385538
 1.572456499593797
 1.581732968981453
 1.5140182265826
 1.363201141550546
 1.144322911229271
 0.8875804123166683
 0.6308379134040649
 0.4119596830827891
 0.2611425980507355
 0.1934278556518845
 0.2027043250395386
 0.2605423332477976
 0.3240403906346202
 0.3531688243358485
 1.276400972194851
 1.305529405896079
 1.369027463282902
 1.426865471491159
 1.436141940878815
 1.368427198479964
 1.21761011344791
 0.9987318831266346
 0.7419893842140308
 0.4852468853014283
 0.2663686549801525
 0.1155515699480991
 0.04783682754924794
 0.05711329693690214
 0.1149513051451611
 0.1784493625319837
 0.2075777962332118
 1.058992448507772
 1.088120882209
 1.151618939595823
 1.209456947804083
 1.218733417191735
 1.151018674792886
 1.000201589760832
 0.7813233594395549
 0.5245808605269521
 0.267838361614349
 0.04896013129307346
 -0.1018569537389801
 -0.1695716961378312
 -0.160295226750177
 -0.1024572185419181
 -0.03895916115509556
 -0.009830727453867304
 0.8026579563954845
 0.8317863900967131
 0.895284447483535
 0.9531224556917937
 0.9623989250794482
 0.8946841826805965
 0.7438670976485429
 0.5249888673272676
 0.2682463684146644
 0.0115038695020613
 -0.2073743608192143
 -0.3581914458512681
 -0.425906188250119
 -0.4166297188624647
 -0.3587917106542056
 -0.2952936532673833
 -0.2661652195661553
 0.5463234642831958
 0.5754518979844245
 0.6389499553712472
 0.6967879635795059
 0.7060644329671598
 0.6383496905683088
 0.4875326055362553
 0.2686543752149798
 0.0119118763023766
 -0.2448306226102264
 -0.4637088529315022
 -0.6145259379635558
 -0.6822406803624069
 -0.672964210974753
 -0.6151262027664935
 -0.5516281453796713
 -0.5224997116784429
 0.3289149405961173
 0.3580433742973453
 0.421541431684168
 0.4793794398924267
 0.4886559092800811
 0.4209411668812295
 0.2701240818491764
 0.05124585152790056
 -0.2054966473847024
 -0.4622391462973053
 -0.6811173766185812
 -0.8319344616506344
 -0.8996492040494865
 -0.8903727346618318
 -0.8325347264535723
 -0.7690366690667501
 -0.739908235365522
 0.1833239124934807
 0.212452346194709
 0.2759504035815314
 0.3337884117897904
 0.3430648811774442
 0.2753501387785932
 0.1245330537465397
 -0.09434517657473596
 -0.3510876754873387
 -0.6078301743999417
 -0.8267084047212176
 -0.9775254897532716
 -1.045240232152123
 -1.035963762764469
 -0.9781257545562095
 -0.9146276971693869
 -0.8854992634681584
 0.1312989166654958
 0.1604273503667241
 0.2239254077535465
 0.2817634159618053
 0.2910398853494594
 0.2233251429506083
 0.07250805791855469
 -0.146370172402721
 -0.4031126713153242
 -0.6598551702279267
 -0.878733400549203
 -1.029550485581257
 -1.097265227980108
 -1.087988758592453
 -1.030150750384194
 -0.9666526929973716
 -0.937524259296143
 0.1801258191423821
 0.2092542528436103
 0.2727523102304327
 0.3305903184386913
 0.3398667878263455
 0.2721520454274945
 0.1213349603954409
 -0.09754326992583469
 -0.3542857688384377
 -0.6110282677510405
 -0.8299064980723168
 -0.9807235831043696
 -1.048438325503221
 -1.039161856115568
 -0.9813238479073081
 -0.9178257905204855
 -0.8886973568192577
 0.3217404043768755
 0.3508688380781037
 0.4143668954649263
 0.472204903673185
 0.4814813730608389
 0.413766630661988
 0.2629495456299343
 0.04407131530865877
 -0.2126711836039444
 -0.4694136825165473
 -0.6882919128378232
 -0.8391089978698766
 -0.9068237402687278
 -0.8975472708810728
 -0.8397092626728148
 -0.776211205285992
 -0.7470827715847635
 0.5344115879808192
 0.5635400216820479
 0.6270380790688708
 0.6848760872771293
 0.6941525566647843
 0.6264378142659326
 0.4756207292338788
 0.2567424989126034
 5.530789425259013e-17
 -0.2567424989126032
 -0.4756207292338785
 -0.6264378142659323
 -0.6941525566647838
 -0.684876087277129
 -0.6270380790688703
 -0.5635400216820475
 -0.5344115879808188
 0.7864322363294528
 0.815560670030681
 0.8790587274175041
 0.9368967356257625
 0.9461732050134173
 0.8784584626145656
 0.7276413775825126
 0.5087631472612371
 0.2520206483486335
 -0.004721850563969511
 -0.2236000808852451
 -0.3744171659172985
 -0.4421319083161495
 -0.4328554389284956
 -0.3750174307202366
 -0.3115193733334139
 -0.282390939632186
 1.031554860065459
 1.060683293766688
 1.124181351153511
 1.182019359361769
 1.191295828749423
 1.123581086350572
 0.9727640013185187
 0.7538857709972429
 0.49714327208464
 0.2404007731720369
 0.02152254285076119
 -0.1292945421812923
 -0.1970092845801434
 -0.1877328151924894
 -0.1298948069842304
 -0.06639674959740778
 -0.03726831589617963
 1.283575508414095
 1.312703942115321
 1.376201999502144
 1.434040007710402
 1.443316477098057
 1.375601734699206
 1.224784649667153
 1.005906419345876
 0.7491639204332733
 0.49242142152067
 0.2735431911993947
 0.1227261061673412
 0.05501136376849007
 0.06428783315614417
 0.1221258413644031
 0.1856238987512257
 0.214752332452454
 1.496246692018039
 1.525375125719266
 1.588873183106089
 1.646711191314346
 1.655987660702002
 1.588272918303149
 1.437455833271095
 1.218577602949821
 0.9618351040372174
 0.7050926051246142
 0.4862143748033389
 0.3353972897712854
 0.2676825473724346
 0.2769590167600884
 0.3347970249683476
 0.3982950823551701
 0.4274235160563981
 1.637861277252531
 1.666989710953759
 1.730487768340582
 1.788325776548841
 1.797602245936495
 1.729887503537644
 1.579070418505589
 1.360192188184315
 1.103449689271709
 0.8467071903591081
 0.6278289600378322
 0.477011875005779
 0.4092971326069277
 0.4185736019945819
 0.476411610202841
 0.5399096675896636
 0.5690381012908924
 1.686688179729417
 1.715816613430645
 1.779314670817468
 1.837152679025726
 1.846429148413382
 1.778714406014529
 1.627897320982476
 1.409019090661201
 1.152276591748597
 0.8955340928359937
 0.6766558625147182
 0.525838777482665
 0.4581240350838138
 0.4674005044714681
 0.5252385126797265
 0.5887365700665493
 0.6178650037677775
 1.634663183901431
 1.663791617602661
 1.727289674989483
 1.785127683197742
 1.794404152585396
 1.726689410186545
 1.575872325154491
 1.356994094833215
 1.100251595920612
 0.8435090970080087
 0.6246308666867333
 0.4738137816546799
 0.4060990392558289
 0.415375508643483
 0.473213516851742
 0.5367115742385643
 0.5658400079397929
 1.489072155798796
 1.518200589500025
 1.581698646886847
 1.639536655095105
 1.648813124482759
 1.581098382083908
 1.430281297051854
 1.211403066730578
 0.9546605678179758
 0.6979180689053719
 0.4790398385840968
 0.3282227535520433
 0.2605080111531923
 0.2697844805408465
 0.3276224887491055
 0.391120546135928
 0.4202489798371563
 1.271663632111716
 1.300792065812944
 1.364290123199767
 1.422128131408026
 1.431404600795681
 1.363689858396829
 1.212872773364775
 0.9939945430434991
 0.7372520441308966
 0.4805095452182931
 0.2616313148970175
 0.1108142298649642
 0.0430994874661132
 0.05237595685376734
 0.1102139650620262
 0.1737120224488489
 0.202840456150077
 1.01532913999943
 1.044457573700657
 1.10795563108748
 1.165793639295739
 1.175070108683392
 1.107355366284541
 0.9565382812524876
 0.7376600509312113
 0.4809175520186086
 0.2241750531060055
 0.005296822784730012
 -0.1455202622473236
 -0.2132350046461746
 -0.2039585352585205
 -0.1461205270502617
 -0.08262246966343895
 -0.05349403596221073
 0.7589946478871408
 0.7881230815883689
 0.8516211389751913
 0.9094591471834507
 0.9187356165711047
 0.851020874172253
 0.7002037891401998
 0.4813255588189237
 0.224583059906321
 -0.03215943900628206
 -0.2510376693275578
 -0.4018547543596113
 -0.4695694967584623
 -0.4602930273708083
 -0.4024550191625493
 -0.3389569617757269
 -0.3098285280744985
 0.5415861242000614
 0.5707145579012901
 0.6342126152881126
 0.6920506234963716
 0.7013270928840245
 0.6336123504851743
 0.4827952654531205
 0.2639170351318448
 0.00717453621924187
 -0.2495679626933612
 -0.4684461930146369
 -0.6192632780466906
 -0.6869780204455417
 -0.6777015510578878
 -0.6198635428496286
 -0.5563654854628057
 -0.5272370517615778
 0.3959950960974252
 0.4251235297986534
 0.4886215871854761
 0.5464595953937343
 0.5557360647813886
 0.4880213223825374
 0.337204237350484
 0.1183260070292083
 -0.1384164918833946
 -0.3951589907959978
 -0.6140372211172729
 -0.764854306149327
 -0.8325690485481777
 -0.8232925791605239
 -0.7654545709522647
 -0.7019565135654421
 -0.6728280798642147
 0.3439701002694402
 0.3730985339706684
 0.4365965913574911
 0.4944345995657497
 0.503711068953404
 0.4359963265545524
 0.285179241522499
 0.06630101120122342
 -0.1904414877113796
 -0.4471839866239826
 -0.6660622169452584
 -0.8168793019773123
 -0.8845940443761636
 -0.8753175749885089
 -0.8174795667802496
 -0.7539815093934276
 -0.7248530756921983
 0.3927970027463265
 0.4219254364475543
 0.4854234938343772
 0.5432615020426359
 0.5525379714302894
 0.4848232290314388
 0.3340061439993851
 0.1151279136781096
 -0.1416145852344934
 -0.3983570841470964
 -0.6172353144683722
 -0.7680523995004256
 -0.8357671418992767
 -0.8264906725116226
 -0.7686526643033639
 -0.7051546069165411
 -0.6760261732153124
 0.5344115879808191
 0.5635400216820481
 0.6270380790688708
 0.6848760872771296
 0.6941525566647836
 0.6264378142659325
 0.4756207292338785
 0.2567424989126031
 1.777891050887844e-17
 -0.2567424989126031
 -0.4756207292338784
 -0.6264378142659325
 -0.6941525566647835
 -0.6848760872771292
 -0.6270380790688705
 -0.5635400216820478
 -0.5344115879808188
 0.747082771584764
 0.7762112052859924
 0.8397092626728151
 0.8975472708810731
 0.9068237402687281
 0.8391089978698767
 0.6882919128378233
 0.4694136825165474
 0.2126711836039445
 -0.04407131530865867
 -0.2629495456299342
 -0.4137666306619878
 -0.4814813730608386
 -0.4722049036731847
 -0.4143668954649259
 -0.3508688380781033
 -0.3217404043768751
 0.9991034199333974
 1.028231853634626
 1.091729911021448
 1.149567919229708
 1.158844388617361
 1.09112964621851
 0.9403125611864565
 0.7214343308651809
 0.464691831952578
 0.207949333039975
 -0.01092889728130077
 -0.1617459823133544
 -0.2294607247122054
 -0.2201842553245513
 -0.1623462471162923
 -0.09884818972946974
 -0.06971975602824158
 1.173169445299953
 1.202297879001182
 1.265795936388004
 1.323633944596263
 1.332910413983917
 1.265195671585066
 1.114378586553012
 0.8955003562317356
 0.6387578573191333
 0.3820153584065301
 0.1631371280852545
 0.01232004305320105
 -0.05539469934565004
 -0.04611822995799585
 0.01171977825026303
 0.07521783563708574
 0.1043462693383137
 1.425190093648586
 1.454318527349814
 1.517816584736639
 1.575654592944896
 1.58493106233255
 1.517216319933699
 1.366399234901645
 1.147521004580369
 0.8907785056677671
 0.6340360067551641
 0.4151577764338878
 0.2643406914018346
 0.1966259490029834
 0.2059024183906376
 0.2637404265988967
 0.327238483985719
 0.3563669176869475
 1.637861277252531
 1.666989710953759
 1.730487768340582
 1.788325776548841
 1.797602245936495
 1.729887503537644
 1.579070418505589
 1.360192188184315
 1.103449689271709
 0.8467071903591081
 0.6278289600378322
 0.477011875005779
 0.4092971326069277
 0.4185736019945819
 0.476411610202841
 0.5399096675896636
 0.5690381012908924
 1.779475862487025
 1.808604296188253
 1.872102353575075
 1.929940361783334
 1.939216831170988
 1.871502088772136
 1.720685003740083
 1.501806773418806
 1.245064274506204
 0.9883217755936011
 0.7694435452723257
 0.6186264602402723
 0.5509117178414209
 0.5601881872290754
 0.6180261954373342
 0.6815242528241571
 0.710652686525385
 1.82830276496391
 1.857431198665138
 1.920929256051961
 1.97876726426022
 1.988043733647875
 1.920328991249022
 1.769511906216969
 1.550633675895694
 1.29389117698309
 1.037148678070487
 0.8182704477492121
 0.6674533627171586
 0.5997386203183068
 0.6090150897059613
 0.6668530979142204
 0.7303511553010436
 0.7594795890022712
 1.776277769135925
 1.805406202837154
 1.868904260223977
 1.926742268432235
 1.936018737819889
 1.868303995421039
 1.717486910388984
 1.498608680067707
 1.241866181155105
 0.9851236822425024
 0.7662454519212273
 0.615428366889173
 0.547713624490322
 0.5569900938779766
 0.6148281020862355
 0.678326159473058
 0.707454593174286
 1.630686741033289
 1.659815174734517
 1.72331323212134
 1.781151240329598
 1.790427709717252
 1.722712967318401
 1.571895882286347
 1.353017651965072
 1.096275153052469
 0.8395326541398654
 0.6206544238185903
 0.4698373387865367
 0.4021225963876857
 0.4113990657753398
 0.4692370739835988
 0.5327351313704214
 0.5618635650716505
 1.41327821734621
 1.442406651047438
 1.50590470843426
 1.563742716642519
 1.573019186030173
 1.505304443631322
 1.354487358599269
 1.135609128277993
 0.878866629365389
 0.6221241304527865
 0.4032459001315114
 0.2524288150994579
 0.1847140727006065
 0.1939905420882606
 0.2518285502965197
 0.3153266076833423
 0.3444550413845706
 1.156943725233921
 1.18607215893515
 1.249570216321974
 1.30740822453023
 1.316684693917885
 1.248969951519034
 1.09815286648698
 0.8792746361657051
 0.622532137253102
 0.3657896383404988
 0.1469114080192233
 -0.003905677012830137
 -0.07162041941168118
 -0.06234395002402704
 -0.004505941815768131
 0.05899211557105449
 0.08812054927228262
 0.9006092331216341
 0.9297376668228624
 0.9932357242096851
 1.051073732417943
 1.060350201805597
 0.9926354594067468
 0.8418183743746932
 0.6229401440534171
 0.3661976451408143
 0.1094551462282113
 -0.1094230840930644
 -0.2602401691251179
 -0.3279549115239689
 -0.3186784421363149
 -0.2608404339280561
 -0.1973423765412333
 -0.1682139428400052
 0.683200709434555
 0.7123291431357837
 0.7758272005226057
 0.833665208730865
 0.8429416781185182
 0.7752269357196675
 0.6244098506876141
 0.4055316203663383
 0.1487891214537353
 -0.1079533774588678
 -0.3268316077801433
 -0.4776486928121969
 -0.5453634352110478
 -0.5360869658233941
 -0.4782489576151349
 -0.4147509002283127
 -0.3856224665270841
 0.5376096813319183
 0.5667381150331465
 0.6302361724199695
 0.6880741806282282
 0.6973506500158821
 0.629635907617031
 0.4788188225849775
 0.2599405922637015
 0.003198093351098707
 -0.2535444055615042
 -0.4724226358827801
 -0.6232397209148333
 -0.6909544633136847
 -0.6816779939260307
 -0.6238399857177718
 -0.5603419283309488
 -0.5312134946297208
 0.4855846855039337
 0.5147131192051619
 0.5782111765919843
 0.6360491848002428
 0.6453256541878977
 0.577610911789046
 0.4267938267569926
 0.2079155964357167
 -0.04882690247688622
 -0.3055694013894892
 -0.5244476317107648
 -0.6752647167428184
 -0.7429794591416701
 -0.7337029897540157
 -0.6758649815457565
 -0.612366924158934
 -0.583238490457706
 0.5344115879808192
 0.5635400216820482
 0.6270380790688707
 0.6848760872771293
 0.6941525566647837
 0.6264378142659323
 0.4756207292338785
 0.2567424989126032
 -3.81349630078766e-17
 -0.2567424989126033
 -0.4756207292338785
 -0.6264378142659323
 -0.6941525566647837
 -0.6848760872771292
 -0.6270380790688704
 -0.5635400216820479
 -0.5344115879808188
 0.6760261732153128
 0.7051546069165414
 0.7686526643033642
 0.8264906725116227
 0.8357671418992767
 0.7680523995004258
 0.6172353144683723
 0.3983570841470964
 0.1416145852344934
 -0.1151279136781096
 -0.3340061439993852
 -0.4848232290314388
 -0.5525379714302892
 -0.5432615020426357
 -0.4854234938343769
 -0.421925436447554
 -0.3927970027463261
 0.888697356819258
 0.9178257905204859
 0.9813238479073082
 1.039161856115568
 1.048438325503222
 0.9807235831043697
 0.8299064980723169
 0.6110282677510405
 0.3542857688384378
 0.09754326992583472
 -0.1213349603954409
 -0.2721520454274944
 -0.3398667878263454
 -0.3305903184386911
 -0.2727523102304324
 -0.2092542528436099
 -0.1801258191423817
 1.14071800516789
 1.16984643886912
 1.233344496255943
 1.2911825044642
 1.300458973851855
 1.232744231453003
 1.081927146420949
 0.863048916099674
 0.6063064171870712
 0.3495639182744681
 0.1306856879531925
 -0.02013139707886089
 -0.08784613947771197
 -0.07856967009005786
 -0.02073166188179893
 0.04276639550502368
 0.07189482920625175
 1.221996347776839
 1.251124781478068
 1.314622838864891
 1.372460847073149
 1.381737316460803
 1.314022574061951
 1.163205489029898
 0.9443272587086221
 0.6875847597960192
 0.4308422608834164
 0.2119640305621407
 0.06114694553008719
 -0.006567796868763854
 0.002708672518890314
 0.06054668072714917
 0.1240447381139718
 0.1531731718152
 1.474016996125473
 1.503145429826701
 1.566643487213523
 1.624481495421782
 1.633757964809437
 1.566043222410585
 1.415226137378532
 1.196347907057256
 0.9396054081446531
 0.6828629092320502
 0.4639846789107742
 0.3131675938787207
 0.2454528514798695
 0.2547293208675237
 0.3125673290757826
 0.3760653864626053
 0.4051938201638334
 1.686688179729417
 1.715816613430645
 1.779314670817468
 1.837152679025726
 1.846429148413382
 1.778714406014529
 1.627897320982476
 1.409019090661201
 1.152276591748597
 0.8955340928359937
 0.6766558625147182
 0.525838777482665
 0.4581240350838138
 0.4674005044714681
 0.5252385126797265
 0.5887365700665492
 0.6178650037677775
 1.82830276496391
 1.857431198665138
 1.920929256051961
 1.97876726426022
 1.988043733647875
 1.920328991249022
 1.769511906216969
 1.550633675895694
 1.29389117698309
 1.037148678070487
 0.8182704477492121
 0.6674533627171586
 0.5997386203183068
 0.6090150897059613
 0.6668530979142204
 0.7303511553010436
 0.7594795890022712
 1.877129667440797
 1.906258101142024
 1.969756158528848
 2.027594166737107
 2.036870636124759
 1.969155893725909
 1.818338808693855
 1.59946057837258
 1.342718079459976
 1.085975580547372
 0.8670973502260982
 0.7162802651940448
 0.6485655227951935
 0.6578419921828472
 0.715680000391106
 0.7791780577779287
 0.8083064914791562
 1.825104671612812
 1.85423310531404
 1.917731162700863
 1.97556917090912
 1.984845640296775
 1.917130897897924
 1.766313812865871
 1.547435582544595
 1.290693083631992
 1.033950584719389
 0.8150723543981132
 0.6642552693660594
 0.5965405269672086
 0.6058169963548624
 0.6636550045631209
 0.7271530619499439
 0.7562814956511722
 1.679513643510176
 1.708642077211403
 1.772140134598226
 1.829978142806485
 1.839254612194139
 1.771539869795287
 1.620722784763233
 1.401844554441958
 1.145102055529355
 0.8883595566167516
 0.669481326295476
 0.5186642412634229
 0.450949498864572
 0.4602259682522263
 0.5180639764604847
 0.5815620338473076
 0.610690467548536
 1.462105119823096
 1.491233553524324
 1.554731610911146
 1.612569619119406
 1.62184608850706
 1.554131346108208
 1.403314261076155
 1.184436030754879
 0.9276935318422757
 0.6709510329296734
 0.4520728026083973
 0.3012557175763435
 0.2335409751774926
 0.2428174445651468
 0.3006554527734055
 0.3641535101602286
 0.3932819438614568
 1.205770627710808
 1.234899061412037
 1.298397118798859
 1.356235127007118
 1.365511596394771
 1.29779685399592
 1.146979768963867
 0.9281015386425912
 0.6713590397299879
 0.4146165408173851
 0.1957383104961096
 0.04492122546405598
 -0.02279351693479504
 -0.01351704754714089
 0.04432096066111803
 0.1078190180479406
 0.1369474517491688
 0.9494361355985205
 0.9785645692997488
 1.042062626686572
 1.09990063489483
 1.109177104282485
 1.041462361883633
 0.8906452768515792
 0.6717670465303034
 0.4150245476177005
 0.1582820487050974
 -0.06059618161617822
 -0.2114132666482319
 -0.279128009047083
 -0.2698515396594285
 -0.2120135314511697
 -0.1485154740643472
 -0.1193870403631191
 0.7320276119114411
 0.7611560456126694
 0.824654102999492
 0.882492111207751
 0.8917685805954045
 0.8240538381965538
 0.6732367531645
 0.4543585228432243
 0.1976160239306214
 -0.05912647498198172
 -0.2780047053032573
 -0.4288217903353111
 -0.4965365327341619
 -0.4872600633465078
 -0.4294220551382488
 -0.3659239977514265
 -0.3367955640501981
 0.5864365838088044
 0.6155650175100327
 0.6790630748968555
 0.736901083105114
 0.7461775524927682
 0.6784628100939173
 0.5276457250618639
 0.3087674947405878
 0.05202499582798479
 -0.2047175030846182
 -0.4235957334058936
 -0.5744128184379479
 -0.6421275608367982
 -0.6328510914491445
 -0.5750130832408853
 -0.5115150258540629
 -0.4823865921528346
 0.5344115879808191
 0.5635400216820479
 0.6270380790688705
 0.6848760872771293
 0.6941525566647837
 0.6264378142659321
 0.4756207292338784
 0.256742498912603
 -1.082470001827915e-16
 -0.2567424989126033
 -0.4756207292338785
 -0.6264378142659323
 -0.6941525566647837
 -0.6848760872771292
 -0.6270380790688704
 -0.5635400216820478
 -0.5344115879808189
 0.5832384904577063
 0.6123669241589341
 0.6758649815457566
 0.7337029897540157
 0.7429794591416701
 0.6752647167428184
 0.5244476317107647
 0.305569401389489
 0.04882690247688607
 -0.2079155964357169
 -0.4267938267569927
 -0.5776109117890461
 -0.6453256541878976
 -0.6360491848002428
 -0.5782111765919842
 -0.5147131192051617
 -0.4855846855039335
 0.7248530756921985
 0.7539815093934279
 0.8174795667802498
 0.8753175749885092
 0.8845940443761637
 0.8168793019773123
 0.6660622169452582
 0.4471839866239825
 0.1904414877113795
 -0.06630101120122349
 -0.285179241522499
 -0.4359963265545524
 -0.503711068953404
 -0.4944345995657495
 -0.4365965913574908
 -0.3730985339706682
 -0.34397010026944
 0.9375242592961435
 0.9666526929973719
 1.030150750384194
 1.087988758592453
 1.097265227980108
 1.029550485581257
 0.878733400549203
 0.6598551702279266
 0.4031126713153242
 0.146370172402721
 -0.07250805791855469
 -0.2233251429506082
 -0.2910398853494593
 -0.2817634159618051
 -0.2239254077535462
 -0.1604273503667238
 -0.1312989166654955
 1.189544907644778
 1.218673341346006
 1.282171398732828
 1.340009406941087
 1.349285876328741
 1.28157113392989
 1.130754048897836
 0.9118758185765604
 0.6551333196639567
 0.3983908207513546
 0.1795125904300788
 0.02869550539802523
 -0.0390192370008258
 -0.02974276761317164
 0.02809524059508721
 0.09159329798190981
 0.120721731683138
 1.169971351948855
 1.199099785650083
 1.262597843036905
 1.320435851245165
 1.329712320632819
 1.261997578233967
 1.111180493201914
 0.8923022628806374
 0.6355597639680344
 0.3788172650554312
 0.1599390347341558
 0.009121949702102188
 -0.05859279269674881
 -0.04931632330909466
 0.008521684899164174
 0.07201974228598675
 0.1011481759872149
 1.421992000297487
 1.451120433998716
 1.514618491385538
 1.572456499593797
 1.581732968981453
 1.5140182265826
 1.363201141550546
 1.144322911229271
 0.8875804123166682
 0.6308379134040649
 0.4119596830827891
 0.2611425980507355
 0.1934278556518845
 0.2027043250395386
 0.2605423332477976
 0.3240403906346201
 0.3531688243358485
 1.634663183901431
 1.663791617602661
 1.727289674989483
 1.785127683197742
 1.794404152585396
 1.726689410186545
 1.575872325154491
 1.356994094833215
 1.100251595920612
 0.8435090970080087
 0.6246308666867334
 0.4738137816546799
 0.4060990392558289
 0.415375508643483
 0.473213516851742
 0.5367115742385643
 0.5658400079397929
 1.776277769135925
 1.805406202837154
 1.868904260223977
 1.926742268432235
 1.936018737819889
 1.868303995421039
 1.717486910388984
 1.498608680067707
 1.241866181155105
 0.9851236822425024
 0.7662454519212273
 0.615428366889173
 0.547713624490322
 0.5569900938779766
 0.6148281020862355
 0.678326159473058
 0.707454593174286
 1.825104671612812
 1.85423310531404
 1.917731162700863
 1.97556917090912
 1.984845640296775
 1.917130897897923
 1.766313812865871
 1.547435582544595
 1.290693083631992
 1.033950584719389
 0.8150723543981132
 0.6642552693660594
 0.5965405269672086
 0.6058169963548624
 0.6636550045631209
 0.7271530619499439
 0.7562814956511722
 1.773079675784827
 1.802208109486055
 1.865706166872876
 1.923544175081137
 1.93282064446879
 1.865105902069939
 1.714288817037885
 1.495410586716609
 1.238668087804007
 0.9819255888914038
 0.7630473585701281
 0.612230273538075
 0.544515531139223
 0.5537920005268776
 0.6116300087351362
 0.6751280661219587
 0.7042564998231873
 1.627488647682189
 1.656617081383418
 1.72011513877024
 1.7779531469785
 1.787229616366154
 1.719514873967302
 1.568697788935248
 1.349819558613973
 1.09307705970137
 0.8363345607887669
 0.617456330467491
 0.4666392454354382
 0.3989245030365868
 0.4082009724242411
 0.4660389806324999
 0.5295370380193223
 0.5586654717205513
 1.410080123995112
 1.439208557696339
 1.502706615083161
 1.560544623291422
 1.569821092679075
 1.502106350280223
 1.351289265248169
 1.132411034926895
 0.875668536014291
 0.6189260371016878
 0.4000478067804121
 0.2492307217483588
 0.1815159793495078
 0.1907924487371618
 0.2486304569454208
 0.3121285143322436
 0.3412569480334713
 1.153745631882822
 1.182874065584052
 1.246372122970874
 1.304210131179133
 1.313486600566787
 1.245771858167935
 1.094954773135882
 0.8760765428146056
 0.6193340439020031
 0.3625915449894
 0.1437133146681245
 -0.007103770363928981
 -0.07481851276278001
 -0.06554204337512588
 -0.007704035166867034
 0.05579402221995558
 0.08492245592118382
 0.8974111397705354
 0.9265395734717632
 0.990037630858586
 1.047875639066844
 1.057152108454498
 0.9894373660556476
 0.8386202810235937
 0.6197420507023179
 0.3629995517897155
 0.1062570528771123
 -0.1126211774441632
 -0.2634382624762168
 -0.3311530048750675
 -0.3218765354874138
 -0.2640385272791549
 -0.200540469892332
 -0.171412036191104
 0.6800026160834561
 0.7091310497846843
 0.7726291071715069
 0.830467115379766
 0.8397435847674193
 0.7720288423685684
 0.6212117573365153
 0.4023335270152393
 0.1455910281026364
 -0.1111514708099666
 -0.3300297011312423
 -0.4808467861632956
 -0.5485615285621471
 -0.5392850591744929
 -0.4814470509662341
 -0.4179489935794113
 -0.3888205598781831
 0.534411587980819
 0.5635400216820478
 0.6270380790688705
 0.6848760872771292
 0.6941525566647834
 0.6264378142659321
 0.4756207292338784
 0.256742498912603
 -1.694800135464426e-16
 -0.2567424989126033
 -0.4756207292338787
 -0.6264378142659324
 -0.6941525566647834
 -0.6848760872771292
 -0.6270380790688705
 -0.5635400216820479
 -0.534411587980819
 0.4823865921528346
 0.511515025854063
 0.5750130832408852
 0.6328510914491444
 0.6421275608367982
 0.5744128184379478
 0.4235957334058934
 0.2047175030846179
 -0.05202499582798507
 -0.3087674947405881
 -0.5276457250618641
 -0.6784628100939174
 -0.7461775524927683
 -0.736901083105114
 -0.6790630748968555
 -0.6155650175100327
 -0.5864365838088044
 0.5312134946297209
 0.560341928330949
 0.6238399857177719
 0.6816779939260307
 0.6909544633136846
 0.6232397209148332
 0.47242263588278
 0.253544405561504
 -0.003198093351098913
 -0.2599405922637018
 -0.4788188225849776
 -0.6296359076170311
 -0.697350650015882
 -0.6880741806282281
 -0.6302361724199694
 -0.5667381150331464
 -0.5376096813319181
 0.6728280798642149
 0.7019565135654424
 0.765454570952265
 0.8232925791605239
 0.8325690485481777
 0.764854306149327
 0.6140372211172729
 0.3951589907959977
 0.1384164918833944
 -0.1183260070292084
 -0.3372042373504841
 -0.4880213223825375
 -0.5557360647813887
 -0.5464595953937342
 -0.488621587185476
 -0.4251235297986532
 -0.395995096097425
 0.8854992634681589
 0.9146276971693873
 0.9781257545562098
 1.035963762764469
 1.045240232152123
 0.9775254897532716
 0.8267084047212175
 0.6078301743999416
 0.3510876754873387
 0.09434517657473585
 -0.1245330537465398
 -0.2753501387785931
 -0.3430648811774442
 -0.3337884117897902
 -0.2759504035815312
 -0.2124523461947088
 -0.1833239124934805
 1.137519911816793
 1.16664834551802
 1.230146402904842
 1.287984411113102
 1.297260880500756
 1.229546138101905
 1.078729053069851
 0.8598508227485754
 0.6031083238359726
 0.3463658249233691
 0.1274875946020939
 -0.02332949042995974
 -0.09104423282881081
 -0.08176776344115665
 -0.02392975523289778
 0.03956830215392479
 0.06869673585515294
 1.024380323846217
 1.053508757547445
 1.117006814934268
 1.174844823142528
 1.184121292530181
 1.11640655013133
 0.9655894650992766
 0.7467112347780009
 0.4899687358653976
 0.2332262369527947
 0.01434800663151909
 -0.1364690784005344
 -0.2041838207993853
 -0.1949073514117313
 -0.1370693432034724
 -0.07357128581664985
 -0.04444285211542166
 1.276400972194851
 1.305529405896079
 1.369027463282902
 1.426865471491159
 1.436141940878815
 1.368427198479964
 1.21761011344791
 0.9987318831266346
 0.7419893842140308
 0.4852468853014283
 0.2663686549801525
 0.1155515699480991
 0.04783682754924794
 0.05711329693690214
 0.1149513051451611
 0.1784493625319837
 0.2075777962332118
 1.489072155798796
 1.518200589500025
 1.581698646886847
 1.639536655095105
 1.648813124482759
 1.581098382083908
 1.430281297051854
 1.211403066730578
 0.9546605678179758
 0.6979180689053719
 0.4790398385840968
 0.3282227535520433
 0.2605080111531923
 0.2697844805408465
 0.3276224887491055
 0.391120546135928
 0.4202489798371563
 1.630686741033289
 1.659815174734517
 1.72331323212134
 1.781151240329598
 1.790427709717252
 1.722712967318401
 1.571895882286347
 1.353017651965072
 1.096275153052469
 0.8395326541398654
 0.6206544238185903
 0.4698373387865367
 0.4021225963876857
 0.4113990657753398
 0.4692370739835988
 0.5327351313704214
 0.5618635650716505
 1.679513643510176
 1.708642077211403
 1.772140134598226
 1.829978142806485
 1.839254612194139
 1.771539869795287
 1.620722784763233
 1.401844554441958
 1.145102055529355
 0.8883595566167516
 0.669481326295476
 0.5186642412634229
 0.450949498864572
 0.4602259682522263
 0.5180639764604849
 0.5815620338473076
 0.610690467548536
 1.627488647682189
 1.656617081383418
 1.72011513877024
 1.7779531469785
 1.787229616366154
 1.719514873967302
 1.568697788935248
 1.349819558613973
 1.09307705970137
 0.8363345607887669
 0.617456330467491
 0.4666392454354382
 0.3989245030365868
 0.4082009724242411
 0.4660389806324999
 0.5295370380193223
 0.5586654717205513
 1.481897619579554
 1.511026053280782
 1.574524110667605
 1.632362118875863
 1.641638588263517
 1.573923845864665
 1.423106760832611
 1.204228530511336
 0.9474860315987333
 0.6907435326861304
 0.4718653023648546
 0.3210482173328014
 0.2533334749339501
 0.2626099443216042
 0.3204479525298633
 0.383946009916686
 0.4130744436179142
 1.264489095892473
 1.293617529593702
 1.357115586980525
 1.414953595188785
 1.424230064576437
 1.356515322177587
 1.205698237145532
 0.9868200068242574
 0.7300775079116547
 0.4733350089990511
 0.2544567786777756
 0.1036396936457221
 0.0359249512468711
 0.04520142063452526
 0.1030394288427842
 0.1665374862296068
 0.1956659199308348
 1.008154603780187
 1.037283037481414
 1.100781094868237
 1.158619103076496
 1.167895572464149
 1.100180830065298
 0.9493637450332448
 0.7304855147119697
 0.4737430157993662
 0.2170005168867636
 -0.001877713434512068
 -0.1526947984665655
 -0.2204095408654166
 -0.2111330714777625
 -0.1532950632695037
 -0.08979700588268107
 -0.06066857218145287
 0.7518201116678991
 0.7809485453691273
 0.8444466027559493
 0.9022846109642081
 0.911561080351862
 0.8438463379530111
 0.6930292529209574
 0.4741510225996818
 0.2174085236870789
 -0.03933397522552417
 -0.2582122055467998
 -0.4090292905788534
 -0.4767440329777042
 -0.4674675635900504
 -0.4096295553817912
 -0.3461314979949689
 -0.3170030642937405
 0.5344115879808191
 0.5635400216820478
 0.6270380790688704
 0.6848760872771291
 0.6941525566647835
 0.6264378142659323
 0.4756207292338783
 0.256742498912603
 -2.219835515925033e-16
 -0.2567424989126034
 -0.4756207292338787
 -0.6264378142659326
 -0.6941525566647838
 -0.6848760872771292
 -0.6270380790688705
 -0.5635400216820478
 -0.5344115879808191
 0.3888205598781831
 0.4179489935794113
 0.4814470509662341
 0.5392850591744927
 0.5485615285621468
 0.4808467861632953
 0.3300297011312419
 0.1111514708099662
 -0.1455910281026368
 -0.4023335270152397
 -0.6212117573365158
 -0.7720288423685685
 -0.8397435847674195
 -0.8304671153797663
 -0.772629107171507
 -0.7091310497846844
 -0.6800026160834561
 0.3367955640501981
 0.3659239977514265
 0.4294220551382488
 0.4872600633465077
 0.4965365327341617
 0.4288217903353109
 0.278004705303257
 0.0591264749819814
 -0.1976160239306218
 -0.4543585228432246
 -0.6732367531645004
 -0.8240538381965539
 -0.8917685805954046
 -0.8824921112077511
 -0.824654102999492
 -0.7611560456126694
 -0.7320276119114411
 0.3856224665270842
 0.4147509002283127
 0.478248957615135
 0.536086965823394
 0.5453634352110478
 0.4776486928121967
 0.3268316077801431
 0.1079533774588676
 -0.1487891214537356
 -0.4055316203663386
 -0.6244098506876143
 -0.7752269357196675
 -0.8429416781185183
 -0.833665208730865
 -0.7758272005226057
 -0.7123291431357834
 -0.6832007094345549
 0.527237051761578
 0.556365485462806
 0.6198635428496287
 0.6777015510578878
 0.6869780204455417
 0.6192632780466905
 0.4684461930146366
 0.249567962693361
 -0.007174536219242074
 -0.263917035131845
 -0.4827952654531206
 -0.6336123504851743
 -0.7013270928840245
 -0.6920506234963716
 -0.6342126152881123
 -0.57071455790129
 -0.5415861242000614
 0.7399082353655221
 0.7690366690667503
 0.8325347264535724
 0.8903727346618319
 0.8996492040494866
 0.8319344616506344
 0.6811173766185811
 0.4622391462973052
 0.2054966473847023
 -0.05124585152790069
 -0.2701240818491764
 -0.4209411668812295
 -0.488655909280081
 -0.4793794398924266
 -0.4215414316841679
 -0.3580433742973452
 -0.328914940596117
 0.9919288837141551
 1.021057317415384
 1.084555374802206
 1.142393383010465
 1.151669852398119
 1.083955109999268
 0.9331380249672147
 0.7142597946459388
 0.4575172957333356
 0.2007747968207328
 -0.01810343350054286
 -0.1689205185325964
 -0.2366352609314474
 -0.2273587915437932
 -0.1695207833355343
 -0.1060227259487118
 -0.0768942922474836
 0.8069718001591382
 0.8361002338603664
 0.8995982912471894
 0.9574362994554484
 0.9667127688431022
 0.8989980264442509
 0.7481809414121968
 0.5293027110909219
 0.2725602121783184
 0.01581771326571558
 -0.2030605170555601
 -0.3538776020876135
 -0.4215923444864648
 -0.4123158750988105
 -0.3544778668905516
 -0.290979809503729
 -0.2618513758025009
 1.058992448507772
 1.088120882209
 1.151618939595823
 1.209456947804083
 1.218733417191735
 1.151018674792886
 1.000201589760832
 0.7813233594395549
 0.5245808605269521
 0.267838361614349
 0.04896013129307346
 -0.1018569537389801
 -0.1695716961378312
 -0.160295226750177
 -0.1024572185419181
 -0.03895916115509556
 -0.009830727453867299
 1.271663632111716
 1.300792065812944
 1.364290123199767
 1.422128131408026
 1.431404600795681
 1.363689858396829
 1.212872773364775
 0.9939945430434991
 0.7372520441308966
 0.4805095452182932
 0.2616313148970175
 0.1108142298649642
 0.0430994874661132
 0.05237595685376734
 0.1102139650620262
 0.1737120224488489
 0.202840456150077
 1.41327821734621
 1.442406651047438
 1.50590470843426
 1.563742716642519
 1.573019186030172
 1.505304443631322
 1.354487358599269
 1.135609128277993
 0.878866629365389
 0.6221241304527865
 0.4032459001315114
 0.2524288150994579
 0.1847140727006065
 0.1939905420882606
 0.2518285502965197
 0.3153266076833423
 0.3444550413845706
 1.462105119823096
 1.491233553524324
 1.554731610911146
 1.612569619119406
 1.62184608850706
 1.554131346108208
 1.403314261076155
 1.184436030754879
 0.9276935318422757
 0.6709510329296734
 0.4520728026083973
 0.3012557175763435
 0.2335409751774926
 0.2428174445651468
 0.3006554527734055
 0.3641535101602286
 0.3932819438614568
 1.410080123995112
 1.439208557696339
 1.502706615083161
 1.560544623291422
 1.569821092679075
 1.502106350280223
 1.351289265248169
 1.132411034926895
 0.875668536014291
 0.6189260371016878
 0.4000478067804121
 0.2492307217483588
 0.1815159793495078
 0.1907924487371618
 0.2486304569454208
 0.3121285143322436
 0.3412569480334713
 1.264489095892473
 1.293617529593702
 1.357115586980525
 1.414953595188785
 1.424230064576437
 1.356515322177587
 1.205698237145532
 0.9868200068242575
 0.7300775079116546
 0.4733350089990511
 0.2544567786777756
 0.1036396936457221
 0.0359249512468711
 0.04520142063452526
 0.1030394288427842
 0.1665374862296068
 0.1956659199308348
 1.047080572205396
 1.076209005906624
 1.139707063293447
 1.197545071501706
 1.206821540889359
 1.139106798490508
 0.9882897134584541
 0.7694114831371783
 0.5126689842245752
 0.2559264853119719
 0.03704825499069659
 -0.113768830041357
 -0.1814835724402079
 -0.1722071030525538
 -0.1143690948442949
 -0.0508710374574724
 -0.0217426037562442
 0.790746080093107
 0.8198745137943356
 0.8833725711811579
 0.941210579389417
 0.9504870487770712
 0.8827723063782199
 0.7319552213461658
 0.513076991024891
 0.2563344921122874
 -0.0004080068003155647
 -0.2192862371215912
 -0.3701033221536446
 -0.4378180645524956
 -0.4285415951648416
 -0.3707035869565826
 -0.30720552956976
 -0.2780770958685319
 0.5344115879808189
 0.5635400216820475
 0.6270380790688703
 0.684876087277129
 0.6941525566647834
 0.626437814265932
 0.4756207292338784
 0.256742498912603
 -2.606769596476758e-16
 -0.2567424989126035
 -0.4756207292338789
 -0.6264378142659324
 -0.6941525566647838
 -0.6848760872771293
 -0.6270380790688705
 -0.5635400216820478
 -0.534411587980819
 0.3170030642937403
 0.3461314979949687
 0.4096295553817911
 0.4674675635900501
 0.4767440329777038
 0.4090292905788531
 0.2582122055467994
 0.0393339752255237
 -0.2174085236870794
 -0.4741510225996823
 -0.6930292529209579
 -0.8438463379530116
 -0.9115610803518623
 -0.9022846109642083
 -0.8444466027559495
 -0.7809485453691275
 -0.7518201116678992
 0.1714120361911039
 0.200540469892332
 0.2640385272791548
 0.3218765354874136
 0.3311530048750673
 0.2634382624762165
 0.1126211774441628
 -0.1062570528771127
 -0.3629995517897159
 -0.6197420507023184
 -0.8386202810235941
 -0.9894373660556479
 -1.057152108454498
 -1.047875639066844
 -0.9900376308585861
 -0.9265395734717632
 -0.8974111397705355
 0.1193870403631191
 0.1485154740643472
 0.2120135314511697
 0.2698515396594284
 0.2791280090470827
 0.2114132666482317
 0.06059618161617791
 -0.1582820487050977
 -0.4150245476177009
 -0.6717670465303036
 -0.8906452768515795
 -1.041462361883633
 -1.109177104282485
 -1.09990063489483
 -1.042062626686572
 -0.9785645692997489
 -0.9494361355985206
 0.1682139428400053
 0.1973423765412333
 0.2608404339280561
 0.3186784421363148
 0.3279549115239687
 0.2602401691251178
 0.1094230840930642
 -0.1094551462282116
 -0.3661976451408146
 -0.6229401440534174
 -0.8418183743746935
 -0.992635459406747
 -1.060350201805597
 -1.051073732417943
 -0.9932357242096851
 -0.9297376668228622
 -0.9006092331216341
 0.3098285280744987
 0.338956961775727
 0.4024550191625493
 0.4602930273708084
 0.4695694967584623
 0.4018547543596112
 0.2510376693275576
 0.03215943900628184
 -0.2245830599063212
 -0.4813255588189239
 -0.7002037891402
 -0.8510208741722531
 -0.9187356165711047
 -0.9094591471834506
 -0.8516211389751913
 -0.7881230815883689
 -0.7589946478871407
 0.522499711678443
 0.5516281453796714
 0.6151262027664937
 0.672964210974753
 0.6822406803624068
 0.6145259379635557
 0.4637088529315021
 0.2448306226102262
 -0.0119118763023768
 -0.26865437521498
 -0.4875326055362555
 -0.6383496905683088
 -0.7060644329671598
 -0.6967879635795059
 -0.638949955371247
 -0.5754518979844243
 -0.5463234642831956
 0.7745203600270761
 0.8036487937283047
 0.8671468511151276
 0.9249848593233865
 0.9342613287110406
 0.8665465863121887
 0.7157295012801352
 0.4968512709588598
 0.2401087720462566
 -0.01663372686634636
 -0.2355119571876219
 -0.3863290422196753
 -0.4540437846185266
 -0.4447673152308724
 -0.3869293070226136
 -0.323431249635791
 -0.2943028159345628
 0.5506373080468504
 0.5797657417480792
 0.6432637991349015
 0.7011018073431603
 0.7103782767308147
 0.6426635343319629
 0.4918464492999097
 0.2729682189786339
 0.01622572006603089
 -0.2405167788465721
 -0.4593950091678479
 -0.610212094199901
 -0.677926836598753
 -0.6686503672110984
 -0.6108123590028388
 -0.5473143016160171
 -0.5181858679147888
 0.8026579563954845
 0.8317863900967131
 0.895284447483535
 0.9531224556917937
 0.9623989250794484
 0.8946841826805966
 0.7438670976485429
 0.5249888673272675
 0.2682463684146644
 0.0115038695020613
 -0.2073743608192143
 -0.3581914458512681
 -0.425906188250119
 -0.4166297188624647
 -0.3587917106542056
 -0.2952936532673833
 -0.2661652195661553
 1.01532913999943
 1.044457573700657
 1.10795563108748
 1.165793639295739
 1.175070108683392
 1.107355366284541
 0.9565382812524876
 0.7376600509312113
 0.4809175520186086
 0.2241750531060056
 0.005296822784730015
 -0.1455202622473236
 -0.2132350046461746
 -0.2039585352585205
 -0.1461205270502617
 -0.08262246966343895
 -0.05349403596221072
 1.156943725233921
 1.18607215893515
 1.249570216321974
 1.30740822453023
 1.316684693917885
 1.248969951519034
 1.09815286648698
 0.8792746361657051
 0.622532137253102
 0.3657896383404988
 0.1469114080192233
 -0.00390567701283013
 -0.07162041941168118
 -0.06234395002402704
 -0.004505941815768137
 0.05899211557105448
 0.08812054927228262
 1.205770627710808
 1.234899061412037
 1.298397118798859
 1.356235127007118
 1.365511596394771
 1.29779685399592
 1.146979768963867
 0.9281015386425912
 0.6713590397299879
 0.4146165408173851
 0.1957383104961096
 0.044921225464056
 -0.02279351693479504
 -0.01351704754714089
 0.04432096066111803
 0.1078190180479406
 0.1369474517491688
 1.153745631882822
 1.182874065584052
 1.246372122970874
 1.304210131179133
 1.313486600566787
 1.245771858167935
 1.094954773135882
 0.8760765428146056
 0.6193340439020031
 0.3625915449894001
 0.1437133146681246
 -0.007103770363928979
 -0.07481851276278001
 -0.06554204337512588
 -0.007704035166867036
 0.05579402221995558
 0.08492245592118382
 1.008154603780187
 1.037283037481414
 1.100781094868237
 1.158619103076496
 1.167895572464149
 1.100180830065298
 0.9493637450332448
 0.7304855147119697
 0.4737430157993663
 0.2170005168867636
 -0.001877713434512064
 -0.1526947984665655
 -0.2204095408654166
 -0.2111330714777625
 -0.1532950632695037
 -0.08979700588268107
 -0.06066857218145287
 0.790746080093107
 0.8198745137943356
 0.8833725711811579
 0.941210579389417
 0.9504870487770711
 0.8827723063782199
 0.7319552213461658
 0.513076991024891
 0.2563344921122874
 -0.000408006800315563
 -0.2192862371215912
 -0.3701033221536446
 -0.4378180645524956
 -0.4285415951648416
 -0.3707035869565826
 -0.30720552956976
 -0.2780770958685319
 0.5344115879808189
 0.5635400216820476
 0.62703807906887
 0.6848760872771291
 0.6941525566647835
 0.6264378142659323
 0.4756207292338783
 0.2567424989126029
 -2.711279069980851e-16
 -0.2567424989126034
 -0.4756207292338789
 -0.6264378142659327
 -0.6941525566647839
 -0.6848760872771295
 -0.6270380790688702
 -0.5635400216820479
 -0.5344115879808191
 0.2780770958685317
 0.3072055295697598
 0.3707035869565823
 0.4285415951648413
 0.4378180645524952
 0.3701033221536442
 0.2192862371215906
 0.0004080068003150536
 -0.256334492112288
 -0.5130769910248915
 -0.7319552213461663
 -0.8827723063782204
 -0.9504870487770715
 -0.9412105793894173
 -0.8833725711811582
 -0.8198745137943358
 -0.7907460800931071
 0.06066857218145273
 0.0897970058826809
 0.1532950632695035
 0.2111330714777622
 0.2204095408654163
 0.1526947984665652
 0.001877713434511628
 -0.2170005168867641
 -0.4737430157993668
 -0.7304855147119701
 -0.9493637450332453
 -1.100180830065299
 -1.167895572464149
 -1.158619103076497
 -1.100781094868237
 -1.037283037481414
 -1.008154603780187
 -0.08492245592118389
 -0.05579402221995566
 0.007704035166866898
 0.06554204337512569
 0.07481851276277975
 0.007103770363928647
 -0.1437133146681249
 -0.3625915449894005
 -0.6193340439020035
 -0.876076542814606
 -1.094954773135882
 -1.245771858167935
 -1.313486600566787
 -1.304210131179133
 -1.246372122970874
 -1.182874065584052
 -1.153745631882822
 -0.1369474517491688
 -0.1078190180479406
 -0.04432096066111811
 0.01351704754714075
 0.02279351693479483
 -0.04492122546405627
 -0.1957383104961099
 -0.4146165408173854
 -0.6713590397299883
 -0.9281015386425914
 -1.146979768963867
 -1.29779685399592
 -1.365511596394772
 -1.356235127007118
 -1.298397118798859
 -1.234899061412037
 -1.205770627710808
 -0.08812054927228256
 -0.05899211557105444
 0.00450594181576813
 0.06234395002402696
 0.07162041941168104
 0.003905677012829931
 -0.1469114080192236
 -0.365789638340499
 -0.6225321372531022
 -0.8792746361657054
 -1.09815286648698
 -1.248969951519035
 -1.316684693917885
 -1.30740822453023
 -1.249570216321974
 -1.18607215893515
 -1.156943725233921
 0.05349403596221084
 0.08262246966343904
 0.1461205270502617
 0.2039585352585205
 0.2132350046461745
 0.1455202622473235
 -0.005296822784730201
 -0.2241750531060058
 -0.4809175520186089
 -0.7376600509312113
 -0.9565382812524879
 -1.107355366284542
 -1.175070108683392
 -1.165793639295739
 -1.107955631087479
 -1.044457573700657
 -1.015329139999429
 0.2661652195661555
 0.2952936532673835
 0.3587917106542057
 0.4166297188624647
 0.4259061882501189
 0.3581914458512679
 0.2073743608192142
 -0.01150386950206148
 -0.2682463684146646
 -0.5249888673272677
 -0.7438670976485429
 -0.8946841826805967
 -0.9623989250794482
 -0.9531224556917935
 -0.8952844474835349
 -0.831786390096713
 -0.8026579563954843
 0.518185867914789
 0.5473143016160174
 0.610812359002839
 0.6686503672110984
 0.6779268365987529
 0.610212094199901
 0.4593950091678478
 0.2405167788465719
 -0.01622572006603107
 -0.272968218978634
 -0.4918464492999098
 -0.642663534331963
 -0.7103782767308147
 -0.7011018073431602
 -0.6432637991349014
 -0.5797657417480789
 -0.5506373080468503
 0.2943028159345629
 0.3234312496357911
 0.3869293070226137
 0.4447673152308726
 0.4540437846185266
 0.3863290422196753
 0.2355119571876218
 0.0166337268663462
 -0.2401087720462568
 -0.4968512709588599
 -0.7157295012801352
 -0.8665465863121888
 -0.9342613287110406
 -0.9249848593233864
 -0.8671468511151275
 -0.8036487937283044
 -0.7745203600270759
 0.5463234642831958
 0.5754518979844245
 0.6389499553712472
 0.6967879635795059
 0.7060644329671598
 0.6383496905683088
 0.4875326055362553
 0.2686543752149798
 0.01191187630237661
 -0.2448306226102264
 -0.4637088529315023
 -0.6145259379635558
 -0.6822406803624069
 -0.672964210974753
 -0.6151262027664935
 -0.5516281453796713
 -0.5224997116784428
 0.7589946478871408
 0.7881230815883689
 0.8516211389751913
 0.9094591471834506
 0.9187356165711047
 0.8510208741722529
 0.7002037891401998
 0.4813255588189237
 0.224583059906321
 -0.03215943900628206
 -0.2510376693275577
 -0.4018547543596113
 -0.4695694967584624
 -0.4602930273708083
 -0.4024550191625493
 -0.3389569617757269
 -0.3098285280744985
 0.9006092331216341
 0.9297376668228622
 0.993235724209685
 1.051073732417943
 1.060350201805597
 0.9926354594067468
 0.8418183743746932
 0.6229401440534171
 0.3661976451408143
 0.1094551462282113
 -0.1094230840930644
 -0.2602401691251179
 -0.3279549115239689
 -0.3186784421363149
 -0.2608404339280561
 -0.1973423765412333
 -0.1682139428400052
 0.9494361355985205
 0.9785645692997488
 1.042062626686572
 1.09990063489483
 1.109177104282485
 1.041462361883633
 0.8906452768515792
 0.6717670465303034
 0.4150245476177005
 0.1582820487050974
 -0.06059618161617821
 -0.2114132666482319
 -0.279128009047083
 -0.2698515396594285
 -0.2120135314511697
 -0.1485154740643472
 -0.1193870403631191
 0.8974111397705354
 0.9265395734717632
 0.990037630858586
 1.047875639066844
 1.057152108454498
 0.9894373660556476
 0.8386202810235937
 0.6197420507023179
 0.3629995517897155
 0.1062570528771123
 -0.1126211774441632
 -0.2634382624762168
 -0.3311530048750675
 -0.3218765354874138
 -0.2640385272791549
 -0.2005404698923321
 -0.171412036191104
 0.7518201116678991
 0.7809485453691273
 0.8444466027559493
 0.9022846109642081
 0.911561080351862
 0.8438463379530111
 0.6930292529209574
 0.4741510225996818
 0.2174085236870789
 -0.03933397522552417
 -0.2582122055467998
 -0.4090292905788534
 -0.4767440329777041
 -0.4674675635900504
 -0.4096295553817912
 -0.3461314979949689
 -0.3170030642937405
 0.5344115879808189
 0.5635400216820475
 0.6270380790688703
 0.684876087277129
 0.6941525566647834
 0.626437814265932
 0.4756207292338784
 0.256742498912603
 -2.560577839026488e-16
 -0.2567424989126035
 -0.4756207292338789
 -0.6264378142659324
 -0.6941525566647838
 -0.6848760872771293
 -0.6270380790688705
 -0.5635400216820478
 -0.5344115879808189
 0.2780770958685317
 0.3072055295697598
 0.3707035869565823
 0.4285415951648413
 0.4378180645524952
 0.3701033221536442
 0.2192862371215906
 0.0004080068003150541
 -0.256334492112288
 -0.5130769910248915
 -0.7319552213461663
 -0.8827723063782204
 -0.9504870487770715
 -0.9412105793894173
 -0.8833725711811582
 -0.8198745137943358
 -0.7907460800931071
 0.02174260375624405
 0.05087103745747223
 0.1143690948442947
 0.1722071030525535
 0.1814835724402076
 0.1137688300413565
 -0.03704825499069705
 -0.2559264853119724
 -0.5126689842245757
 -0.7694114831371788
 -0.9882897134584545
 -1.139106798490508
 -1.206821540889359
 -1.197545071501706
 -1.139707063293447
 -1.076209005906624
 -1.047080572205396
 -0.1956659199308349
 -0.1665374862296069
 -0.1030394288427844
 -0.04520142063452551
 -0.03592495124687141
 -0.1036396936457225
 -0.2544567786777761
 -0.4733350089990516
 -0.7300775079116552
 -0.9868200068242582
 -1.205698237145532
 -1.356515322177587
 -1.424230064576438
 -1.414953595188785
 -1.357115586980525
 -1.293617529593702
 -1.264489095892474
 -0.3412569480334714
 -0.3121285143322437
 -0.2486304569454209
 -0.1907924487371621
 -0.181515979349508
 -0.2492307217483592
 -0.4000478067804126
 -0.6189260371016884
 -0.8756685360142914
 -1.132411034926895
 -1.35128926524817
 -1.502106350280223
 -1.569821092679075
 -1.560544623291422
 -1.502706615083161
 -1.439208557696339
 -1.410080123995112
 -0.3932819438614568
 -0.3641535101602286
 -0.3006554527734056
 -0.2428174445651469
 -0.2335409751774928
 -0.3012557175763437
 -0.4520728026083976
 -0.6709510329296737
 -0.927693531842276
 -1.18443603075488
 -1.403314261076155
 -1.554131346108208
 -1.62184608850706
 -1.612569619119406
 -1.554731610911146
 -1.491233553524324
 -1.462105119823096
 -0.3444550413845705
 -0.3153266076833423
 -0.2518285502965197
 -0.1939905420882607
 -0.1847140727006067
 -0.2524288150994581
 -0.4032459001315116
 -0.6221241304527868
 -0.8788666293653894
 -1.135609128277993
 -1.354487358599269
 -1.505304443631323
 -1.573019186030173
 -1.563742716642519
 -1.50590470843426
 -1.442406651047438
 -1.41327821734621
 -0.2028404561500769
 -0.1737120224488488
 -0.1102139650620261
 -0.05237595685376734
 -0.04309948746611327
 -0.1108142298649644
 -0.2616313148970177
 -0.4805095452182934
 -0.7372520441308968
 -0.9939945430434991
 -1.212872773364775
 -1.363689858396829
 -1.431404600795681
 -1.422128131408026
 -1.364290123199767
 -1.300792065812944
 -1.271663632111716
 0.009830727453867458
 0.0389591611550957
 0.1024572185419182
 0.160295226750177
 0.1695716961378312
 0.10185695373898
 -0.0489601312930736
 -0.2678383616143492
 -0.5245808605269523
 -0.781323359439555
 -1.000201589760832
 -1.151018674792886
 -1.218733417191735
 -1.209456947804083
 -1.151618939595823
 -1.088120882209
 -1.058992448507772
 0.2618513758025011
 0.2909798095037291
 0.3544778668905517
 0.4123158750988107
 0.4215923444864648
 0.3538776020876135
 0.20306051705556
 -0.01581771326571573
 -0.2725602121783186
 -0.529302711090922
 -0.7481809414121968
 -0.8989980264442509
 -0.9667127688431023
 -0.9574362994554483
 -0.8995982912471892
 -0.8361002338603661
 -0.8069718001591379
 0.0768942922474838
 0.106022725948712
 0.1695207833355345
 0.2273587915437932
 0.2366352609314475
 0.1689205185325964
 0.01810343350054278
 -0.2007747968207328
 -0.4575172957333357
 -0.7142597946459389
 -0.9331380249672147
 -1.083955109999268
 -1.151669852398119
 -1.142393383010465
 -1.084555374802205
 -1.021057317415384
 -0.9919288837141549
 0.3289149405961173
 0.3580433742973453
 0.421541431684168
 0.4793794398924267
 0.4886559092800811
 0.4209411668812295
 0.2701240818491764
 0.05124585152790057
 -0.2054966473847024
 -0.4622391462973053
 -0.6811173766185812
 -0.8319344616506344
 -0.8996492040494865
 -0.8903727346618318
 -0.8325347264535723
 -0.7690366690667501
 -0.739908235365522
 0.5415861242000614
 0.5707145579012901
 0.6342126152881126
 0.6920506234963716
 0.7013270928840245
 0.6336123504851743
 0.4827952654531205
 0.2639170351318448
 0.007174536219241877
 -0.2495679626933612
 -0.4684461930146369
 -0.6192632780466906
 -0.6869780204455417
 -0.6777015510578878
 -0.6198635428496286
 -0.5563654854628057
 -0.5272370517615778
 0.683200709434555
 0.7123291431357837
 0.7758272005226057
 0.833665208730865
 0.8429416781185182
 0.7752269357196675
 0.6244098506876141
 0.4055316203663383
 0.1487891214537353
 -0.1079533774588678
 -0.3268316077801434
 -0.4776486928121969
 -0.5453634352110478
 -0.5360869658233941
 -0.4782489576151349
 -0.4147509002283127
 -0.3856224665270841
 0.7320276119114411
 0.7611560456126694
 0.8246541029994922
 0.882492111207751
 0.8917685805954045
 0.8240538381965538
 0.6732367531645
 0.4543585228432244
 0.1976160239306214
 -0.05912647498198172
 -0.2780047053032573
 -0.4288217903353111
 -0.4965365327341618
 -0.4872600633465078
 -0.4294220551382488
 -0.3659239977514265
 -0.3367955640501981
 0.6800026160834561
 0.7091310497846843
 0.7726291071715069
 0.830467115379766
 0.8397435847674193
 0.7720288423685684
 0.6212117573365153
 0.4023335270152393
 0.1455910281026364
 -0.1111514708099666
 -0.3300297011312423
 -0.4808467861632956
 -0.5485615285621471
 -0.5392850591744929
 -0.4814470509662342
 -0.4179489935794113
 -0.3888205598781831
 0.5344115879808191
 0.5635400216820478
 0.6270380790688704
 0.6848760872771291
 0.6941525566647835
 0.6264378142659323
 0.4756207292338783
 0.256742498912603
 -2.197296103242172e-16
 -0.2567424989126034
 -0.4756207292338787
 -0.6264378142659326
 -0.6941525566647838
 -0.6848760872771292
 -0.6270380790688705
 -0.5635400216820478
 -0.5344115879808191
 0.3170030642937403
 0.3461314979949687
 0.4096295553817911
 0.4674675635900501
 0.4767440329777038
 0.4090292905788531
 0.2582122055467994
 0.03933397522552369
 -0.2174085236870794
 -0.4741510225996823
 -0.6930292529209579
 -0.8438463379530116
 -0.9115610803518623
 -0.9022846109642083
 -0.8444466027559495
 -0.7809485453691275
 -0.7518201116678992
 0.06066857218145273
 0.0897970058826809
 0.1532950632695035
 0.2111330714777622
 0.2204095408654163
 0.1526947984665651
 0.001877713434511622
 -0.2170005168867641
 -0.4737430157993668
 -0.7304855147119701
 -0.9493637450332453
 -1.100180830065299
 -1.167895572464149
 -1.158619103076497
 -1.100781094868237
 -1.037283037481414
 -1.008154603780187
 -0.1956659199308349
 -0.1665374862296069
 -0.1030394288427843
 -0.04520142063452551
 -0.03592495124687141
 -0.1036396936457225
 -0.2544567786777761
 -0.4733350089990516
 -0.7300775079116552
 -0.9868200068242582
 -1.205698237145532
 -1.356515322177587
 -1.424230064576438
 -1.414953595188785
 -1.357115586980525
 -1.293617529593702
 -1.264489095892474
 -0.4130744436179143
 -0.3839460099166861
 -0.3204479525298634
 -0.2626099443216044
 -0.2533334749339504
 -0.3210482173328017
 -0.471865302364855
 -0.6907435326861308
 -0.9474860315987338
 -1.204228530511337
 -1.423106760832611
 -1.573923845864665
 -1.641638588263518
 -1.632362118875863
 -1.574524110667605
 -1.511026053280782
 -1.481897619579554
 -0.5586654717205513
 -0.5295370380193223
 -0.4660389806325
 -0.4082009724242413
 -0.3989245030365871
 -0.4666392454354384
 -0.6174563304674914
 -0.8363345607887673
 -1.09307705970137
 -1.349819558613973
 -1.568697788935248
 -1.719514873967303
 -1.787229616366154
 -1.7779531469785
 -1.72011513877024
 -1.656617081383418
 -1.627488647682189
 -0.610690467548536
 -0.5815620338473078
 -0.5180639764604849
 -0.4602259682522264
 -0.4509494988645721
 -0.5186642412634231
 -0.6694813262954763
 -0.8883595566167518
 -1.145102055529356
 -1.401844554441959
 -1.620722784763234
 -1.771539869795287
 -1.83925461219414
 -1.829978142806485
 -1.772140134598226
 -1.708642077211403
 -1.679513643510176
 -0.5618635650716505
 -0.5327351313704212
 -0.4692370739835988
 -0.4113990657753399
 -0.4021225963876858
 -0.4698373387865369
 -0.6206544238185905
 -0.8395326541398657
 -1.096275153052469
 -1.353017651965072
 -1.571895882286348
 -1.722712967318401
 -1.790427709717252
 -1.781151240329598
 -1.72331323212134
 -1.659815174734517
 -1.630686741033289
 -0.4202489798371563
 -0.3911205461359278
 -0.3276224887491054
 -0.2697844805408464
 -0.2605080111531923
 -0.3282227535520434
 -0.479039838584097
 -0.6979180689053722
 -0.954660567817976
 -1.211403066730578
 -1.430281297051854
 -1.581098382083908
 -1.648813124482759
 -1.639536655095105
 -1.581698646886847
 -1.518200589500025
 -1.489072155798795
 -0.2075777962332116
 -0.1784493625319835
 -0.1149513051451609
 -0.05711329693690206
 -0.04783682754924793
 -0.1155515699480991
 -0.2663686549801526
 -0.4852468853014283
 -0.7419893842140309
 -0.9987318831266347
 -1.21761011344791
 -1.368427198479964
 -1.436141940878815
 -1.426865471491159
 -1.369027463282902
 -1.305529405896079
 -1.276400972194851
 0.04444285211542187
 0.07357128581665003
 0.1370693432034726
 0.1949073514117314
 0.2041838207993854
 0.1364690784005344
 -0.01434800663151917
 -0.2332262369527948
 -0.4899687358653977
 -0.746711234778001
 -0.9655894650992766
 -1.11640655013133
 -1.184121292530181
 -1.174844823142528
 -1.117006814934268
 -1.053508757547445
 -1.024380323846217
 -0.0686967358551527
 -0.03956830215392454
 0.02392975523289799
 0.08176776344115678
 0.0910442328288109
 0.02332949042995976
 -0.1274875946020939
 -0.3463658249233692
 -0.6031083238359726
 -0.8598508227485755
 -1.078729053069851
 -1.229546138101905
 -1.297260880500756
 -1.287984411113102
 -1.230146402904842
 -1.16664834551802
 -1.137519911816793
 0.1833239124934807
 0.212452346194709
 0.2759504035815314
 0.3337884117897904
 0.3430648811774442
 0.2753501387785932
 0.1245330537465397
 -0.09434517657473593
 -0.3510876754873388
 -0.6078301743999417
 -0.8267084047212176
 -0.9775254897532716
 -1.045240232152123
 -1.035963762764469
 -0.9781257545562094
 -0.9146276971693869
 -0.8854992634681584
 0.3959950960974252
 0.4251235297986534
 0.4886215871854761
 0.5464595953937343
 0.5557360647813887
 0.4880213223825374
 0.337204237350484
 0.1183260070292083
 -0.1384164918833946
 -0.3951589907959978
 -0.6140372211172729
 -0.764854306149327
 -0.8325690485481777
 -0.8232925791605239
 -0.7654545709522647
 -0.7019565135654421
 -0.6728280798642147
 0.5376096813319183
 0.5667381150331465
 0.6302361724199697
 0.6880741806282282
 0.6973506500158821
 0.629635907617031
 0.4788188225849775
 0.2599405922637015
 0.003198093351098716
 -0.2535444055615042
 -0.4724226358827801
 -0.6232397209148333
 -0.6909544633136847
 -0.6816779939260307
 -0.6238399857177718
 -0.5603419283309489
 -0.5312134946297208
 0.5864365838088044
 0.6155650175100327
 0.6790630748968555
 0.736901083105114
 0.7461775524927682
 0.6784628100939173
 0.5276457250618639
 0.3087674947405878
 0.0520249958279848
 -0.2047175030846182
 -0.4235957334058936
 -0.5744128184379479
 -0.6421275608367982
 -0.6328510914491445
 -0.5750130832408853
 -0.5115150258540629
 -0.4823865921528345
 0.534411587980819
 0.5635400216820478
 0.6270380790688705
 0.6848760872771292
 0.6941525566647834
 0.6264378142659321
 0.4756207292338784
 0.256742498912603
 -1.666831164502803e-16
 -0.2567424989126033
 -0.4756207292338787
 -0.6264378142659324
 -0.6941525566647834
 -0.6848760872771292
 -0.6270380790688705
 -0.5635400216820479
 -0.5344115879808189
 0.3888205598781831
 0.4179489935794113
 0.4814470509662341
 0.5392850591744927
 0.5485615285621468
 0.4808467861632953
 0.3300297011312419
 0.1111514708099662
 -0.1455910281026368
 -0.4023335270152397
 -0.6212117573365158
 -0.7720288423685685
 -0.8397435847674195
 -0.8304671153797663
 -0.772629107171507
 -0.7091310497846843
 -0.6800026160834561
 0.1714120361911039
 0.200540469892332
 0.2640385272791548
 0.3218765354874136
 0.3311530048750673
 0.2634382624762165
 0.1126211774441628
 -0.1062570528771127
 -0.3629995517897159
 -0.6197420507023184
 -0.8386202810235941
 -0.9894373660556477
 -1.057152108454498
 -1.047875639066844
 -0.9900376308585861
 -0.9265395734717632
 -0.8974111397705355
 -0.08492245592118389
 -0.05579402221995566
 0.007704035166866897
 0.06554204337512569
 0.07481851276277975
 0.007103770363928646
 -0.1437133146681249
 -0.3625915449894005
 -0.6193340439020036
 -0.876076542814606
 -1.094954773135882
 -1.245771858167935
 -1.313486600566787
 -1.304210131179133
 -1.246372122970874
 -1.182874065584052
 -1.153745631882822
 -0.3412569480334714
 -0.3121285143322436
 -0.2486304569454209
 -0.190792448737162
 -0.181515979349508
 -0.2492307217483592
 -0.4000478067804126
 -0.6189260371016884
 -0.8756685360142915
 -1.132411034926895
 -1.35128926524817
 -1.502106350280223
 -1.569821092679075
 -1.560544623291422
 -1.502706615083161
 -1.439208557696339
 -1.410080123995112
 -0.5586654717205513
 -0.5295370380193223
 -0.4660389806325
 -0.4082009724242413
 -0.3989245030365871
 -0.4666392454354384
 -0.6174563304674914
 -0.8363345607887673
 -1.09307705970137
 -1.349819558613973
 -1.568697788935248
 -1.719514873967303
 -1.787229616366154
 -1.7779531469785
 -1.72011513877024
 -1.656617081383418
 -1.627488647682189
 -0.7042564998231873
 -0.6751280661219587
 -0.6116300087351363
 -0.5537920005268778
 -0.5445155311392232
 -0.6122302735380752
 -0.7630473585701284
 -0.981925588891404
 -1.238668087804007
 -1.49541058671661
 -1.714288817037885
 -1.865105902069939
 -1.93282064446879
 -1.923544175081137
 -1.865706166872876
 -1.802208109486055
 -1.773079675784827
 -0.7562814956511722
 -0.7271530619499438
 -0.6636550045631209
 -0.6058169963548624
 -0.5965405269672088
 -0.6642552693660596
 -0.8150723543981133
 -1.033950584719389
 -1.290693083631992
 -1.547435582544595
 -1.766313812865871
 -1.917130897897924
 -1.984845640296775
 -1.97556917090912
 -1.917731162700863
 -1.85423310531404
 -1.825104671612812
 -0.7074545931742858
 -0.6783261594730579
 -0.6148281020862354
 -0.5569900938779766
 -0.547713624490322
 -0.615428366889173
 -0.7662454519212273
 -0.9851236822425027
 -1.241866181155105
 -1.498608680067708
 -1.717486910388984
 -1.868303995421039
 -1.936018737819889
 -1.926742268432235
 -1.868904260223977
 -1.805406202837154
 -1.776277769135925
 -0.5658400079397926
 -0.5367115742385641
 -0.4732135168517418
 -0.4153755086434829
 -0.4060990392558288
 -0.47381378165468
 -0.6246308666867334
 -0.8435090970080089
 -1.100251595920613
 -1.356994094833215
 -1.575872325154491
 -1.726689410186545
 -1.794404152585396
 -1.785127683197742
 -1.727289674989483
 -1.663791617602661
 -1.634663183901431
 -0.3531688243358483
 -0.32404039063462
 -0.2605423332477975
 -0.2027043250395385
 -0.1934278556518844
 -0.2611425980507355
 -0.4119596830827891
 -0.6308379134040649
 -0.8875804123166683
 -1.144322911229271
 -1.363201141550546
 -1.5140182265826
 -1.581732968981453
 -1.572456499593797
 -1.514618491385537
 -1.451120433998716
 -1.421992000297487
 -0.1011481759872146
 -0.0720197422859865
 -0.008521684899163972
 0.0493163233090948
 0.05859279269674891
 -0.009121949702102169
 -0.1599390347341558
 -0.3788172650554312
 -0.6355597639680344
 -0.8923022628806374
 -1.111180493201914
 -1.261997578233967
 -1.329712320632818
 -1.320435851245165
 -1.262597843036905
 -1.199099785650082
 -1.169971351948854
 -0.1207217316831377
 -0.0915932979819095
 -0.02809524059508694
 0.02974276761317186
 0.03901923700082596
 -0.02869550539802515
 -0.1795125904300788
 -0.3983908207513546
 -0.6551333196639566
 -0.9118758185765604
 -1.130754048897836
 -1.28157113392989
 -1.349285876328741
 -1.340009406941087
 -1.282171398732828
 -1.218673341346005
 -1.189544907644777
 0.1312989166654958
 0.1604273503667241
 0.2239254077535465
 0.2817634159618053
 0.2910398853494594
 0.2233251429506083
 0.0725080579185547
 -0.146370172402721
 -0.4031126713153242
 -0.6598551702279267
 -0.878733400549203
 -1.029550485581257
 -1.097265227980108
 -1.087988758592453
 -1.030150750384194
 -0.9666526929973716
 -0.9375242592961429
 0.3439701002694402
 0.3730985339706684
 0.4365965913574911
 0.4944345995657497
 0.503711068953404
 0.4359963265545524
 0.285179241522499
 0.06630101120122342
 -0.1904414877113796
 -0.4471839866239826
 -0.6660622169452584
 -0.8168793019773123
 -0.8845940443761636
 -0.8753175749885089
 -0.8174795667802496
 -0.7539815093934276
 -0.7248530756921983
 0.4855846855039338
 0.5147131192051619
 0.5782111765919843
 0.6360491848002428
 0.6453256541878977
 0.577610911789046
 0.4267938267569926
 0.2079155964357168
 -0.04882690247688621
 -0.3055694013894891
 -0.5244476317107648
 -0.6752647167428184
 -0.7429794591416701
 -0.7337029897540157
 -0.6758649815457565
 -0.612366924158934
 -0.583238490457706
 0.5344115879808191
 0.5635400216820479
 0.6270380790688705
 0.6848760872771293
 0.6941525566647837
 0.6264378142659321
 0.4756207292338784
 0.256742498912603
 -9.948230526145786e-17
 -0.2567424989126033
 -0.4756207292338785
 -0.6264378142659323
 -0.6941525566647837
 -0.6848760872771292
 -0.6270380790688704
 -0.5635400216820478
 -0.5344115879808189
 0.4823865921528346
 0.511515025854063
 0.5750130832408852
 0.6328510914491444
 0.6421275608367982
 0.5744128184379478
 0.4235957334058934
 0.2047175030846179
 -0.05202499582798507
 -0.3087674947405881
 -0.527645725061864
 -0.6784628100939174
 -0.7461775524927683
 -0.736901083105114
 -0.6790630748968555
 -0.6155650175100327
 -0.5864365838088044
 0.3367955640501981
 0.3659239977514265
 0.4294220551382488
 0.4872600633465077
 0.4965365327341617
 0.4288217903353109
 0.278004705303257
 0.0591264749819814
 -0.1976160239306218
 -0.4543585228432246
 -0.6732367531645004
 -0.8240538381965539
 -0.8917685805954046
 -0.8824921112077511
 -0.824654102999492
 -0.7611560456126694
 -0.7320276119114411
 0.1193870403631191
 0.1485154740643472
 0.2120135314511697
 0.2698515396594284
 0.2791280090470827
 0.2114132666482317
 0.06059618161617791
 -0.1582820487050977
 -0.4150245476177008
 -0.6717670465303036
 -0.8906452768515795
 -1.041462361883633
 -1.109177104282485
 -1.09990063489483
 -1.042062626686572
 -0.9785645692997489
 -0.9494361355985206
 -0.1369474517491688
 -0.1078190180479406
 -0.04432096066111811
 0.01351704754714075
 0.02279351693479483
 -0.04492122546405627
 -0.1957383104961099
 -0.4146165408173854
 -0.6713590397299883
 -0.9281015386425914
 -1.146979768963867
 -1.29779685399592
 -1.365511596394772
 -1.356235127007118
 -1.298397118798859
 -1.234899061412037
 -1.205770627710808
 -0.3932819438614568
 -0.3641535101602286
 -0.3006554527734056
 -0.2428174445651469
 -0.2335409751774928
 -0.3012557175763437
 -0.4520728026083976
 -0.6709510329296737
 -0.927693531842276
 -1.18443603075488
 -1.403314261076155
 -1.554131346108208
 -1.62184608850706
 -1.612569619119406
 -1.554731610911146
 -1.491233553524324
 -1.462105119823096
 -0.610690467548536
 -0.5815620338473078
 -0.5180639764604849
 -0.4602259682522264
 -0.4509494988645721
 -0.5186642412634231
 -0.6694813262954763
 -0.8883595566167518
 -1.145102055529356
 -1.401844554441959
 -1.620722784763234
 -1.771539869795287
 -1.83925461219414
 -1.829978142806485
 -1.772140134598226
 -1.708642077211403
 -1.679513643510176
 -0.7562814956511722
 -0.7271530619499438
 -0.6636550045631209
 -0.6058169963548624
 -0.5965405269672088
 -0.6642552693660596
 -0.8150723543981133
 -1.033950584719389
 -1.290693083631992
 -1.547435582544595
 -1.766313812865871
 -1.917130897897924
 -1.984845640296775
 -1.97556917090912
 -1.917731162700863
 -1.85423310531404
 -1.825104671612812
 -0.8083064914791561
 -0.7791780577779287
 -0.715680000391106
 -0.6578419921828471
 -0.6485655227951936
 -0.7162802651940449
 -0.8670973502260984
 -1.085975580547373
 -1.342718079459976
 -1.59946057837258
 -1.818338808693855
 -1.969155893725909
 -2.036870636124759
 -2.027594166737107
 -1.969756158528848
 -1.906258101142024
 -1.877129667440797
 -0.759479589002271
 -0.7303511553010432
 -0.6668530979142203
 -0.6090150897059612
 -0.5997386203183068
 -0.6674533627171588
 -0.8182704477492121
 -1.037148678070488
 -1.29389117698309
 -1.550633675895694
 -1.769511906216969
 -1.920328991249022
 -1.988043733647875
 -1.97876726426022
 -1.920929256051961
 -1.857431198665138
 -1.828302764963909
 -0.6178650037677772
 -0.588736570066549
 -0.5252385126797263
 -0.467400504471468
 -0.4581240350838137
 -0.5258387774826649
 -0.6766558625147182
 -0.8955340928359937
 -1.152276591748596
 -1.409019090661201
 -1.627897320982476
 -1.778714406014529
 -1.846429148413382
 -1.837152679025726
 -1.779314670817468
 -1.715816613430645
 -1.686688179729417
 -0.4051938201638332
 -0.3760653864626051
 -0.3125673290757823
 -0.2547293208675235
 -0.2454528514798694
 -0.3131675938787206
 -0.4639846789107742
 -0.6828629092320501
 -0.9396054081446531
 -1.196347907057256
 -1.415226137378532
 -1.566043222410585
 -1.633757964809437
 -1.624481495421781
 -1.566643487213523
 -1.503145429826701
 -1.474016996125473
 -0.1531731718151997
 -0.1240447381139715
 -0.0605466807271489
 -0.002708672518890102
 0.006567796868764003
 -0.06114694553008711
 -0.2119640305621407
 -0.4308422608834164
 -0.6875847597960191
 -0.9443272587086221
 -1.163205489029898
 -1.314022574061951
 -1.381737316460803
 -1.372460847073149
 -1.31462283886489
 -1.251124781478067
 -1.221996347776838
 -0.07189482920625136
 -0.04276639550502331
 0.02073166188179928
 0.07856967009005815
 0.08784613947771219
 0.02013139707886104
 -0.1306856879531924
 -0.3495639182744681
 -0.6063064171870711
 -0.8630489160996739
 -1.081927146420949
 -1.232744231453003
 -1.300458973851855
 -1.2911825044642
 -1.233344496255943
 -1.169846438869119
 -1.14071800516789
 0.1801258191423821
 0.2092542528436103
 0.2727523102304327
 0.3305903184386913
 0.3398667878263456
 0.2721520454274946
 0.1213349603954409
 -0.09754326992583469
 -0.3542857688384377
 -0.6110282677510405
 -0.8299064980723168
 -0.9807235831043696
 -1.048438325503221
 -1.039161856115568
 -0.9813238479073081
 -0.9178257905204855
 -0.8886973568192577
 0.3927970027463265
 0.4219254364475543
 0.4854234938343772
 0.5432615020426359
 0.5525379714302894
 0.4848232290314389
 0.3340061439993851
 0.1151279136781096
 -0.1416145852344934
 -0.3983570841470964
 -0.6172353144683722
 -0.7680523995004257
 -0.8357671418992767
 -0.8264906725116226
 -0.7686526643033639
 -0.7051546069165411
 -0.6760261732153124
 0.5344115879808192
 0.5635400216820482
 0.6270380790688708
 0.6848760872771293
 0.6941525566647837
 0.6264378142659323
 0.4756207292338785
 0.2567424989126032
 -3.492675347253212e-17
 -0.2567424989126033
 -0.4756207292338785
 -0.6264378142659323
 -0.6941525566647837
 -0.6848760872771292
 -0.6270380790688704
 -0.5635400216820479
 -0.5344115879808188
 0.5832384904577063
 0.6123669241589341
 0.6758649815457566
 0.7337029897540157
 0.7429794591416701
 0.6752647167428184
 0.5244476317107647
 0.305569401389489
 0.04882690247688608
 -0.2079155964357169
 -0.4267938267569927
 -0.5776109117890461
 -0.6453256541878976
 -0.6360491848002428
 -0.5782111765919842
 -0.5147131192051617
 -0.4855846855039335
 0.5312134946297209
 0.560341928330949
 0.6238399857177719
 0.6816779939260307
 0.6909544633136846
 0.6232397209148332
 0.47242263588278
 0.253544405561504
 -0.003198093351098913
 -0.2599405922637018
 -0.4788188225849776
 -0.6296359076170311
 -0.697350650015882
 -0.6880741806282281
 -0.6302361724199694
 -0.5667381150331464
 -0.5376096813319181
 0.3856224665270842
 0.4147509002283127
 0.478248957615135
 0.536086965823394
 0.5453634352110478
 0.4776486928121967
 0.3268316077801431
 0.1079533774588676
 -0.1487891214537356
 -0.4055316203663386
 -0.6244098506876143
 -0.7752269357196675
 -0.8429416781185183
 -0.833665208730865
 -0.7758272005226057
 -0.7123291431357834
 -0.6832007094345549
 0.1682139428400053
 0.1973423765412333
 0.2608404339280561
 0.3186784421363149
 0.3279549115239687
 0.2602401691251178
 0.1094230840930642
 -0.1094551462282116
 -0.3661976451408146
 -0.6229401440534172
 -0.8418183743746935
 -0.992635459406747
 -1.060350201805597
 -1.051073732417943
 -0.9932357242096851
 -0.9297376668228622
 -0.9006092331216341
 -0.08812054927228256
 -0.05899211557105444
 0.00450594181576813
 0.06234395002402696
 0.07162041941168104
 0.003905677012829928
 -0.1469114080192236
 -0.365789638340499
 -0.6225321372531022
 -0.8792746361657054
 -1.09815286648698
 -1.248969951519035
 -1.316684693917885
 -1.30740822453023
 -1.249570216321974
 -1.18607215893515
 -1.156943725233921
 -0.3444550413845705
 -0.3153266076833423
 -0.2518285502965197
 -0.1939905420882607
 -0.1847140727006067
 -0.2524288150994581
 -0.4032459001315116
 -0.6221241304527868
 -0.8788666293653893
 -1.135609128277993
 -1.354487358599269
 -1.505304443631323
 -1.573019186030173
 -1.563742716642519
 -1.50590470843426
 -1.442406651047438
 -1.41327821734621
 -0.5618635650716504
 -0.5327351313704212
 -0.4692370739835988
 -0.4113990657753399
 -0.4021225963876858
 -0.4698373387865369
 -0.6206544238185905
 -0.8395326541398657
 -1.096275153052469
 -1.353017651965072
 -1.571895882286348
 -1.722712967318401
 -1.790427709717252
 -1.781151240329598
 -1.72331323212134
 -1.659815174734517
 -1.630686741033289
 -0.7074545931742858
 -0.6783261594730579
 -0.6148281020862354
 -0.5569900938779766
 -0.547713624490322
 -0.615428366889173
 -0.7662454519212273
 -0.9851236822425027
 -1.241866181155105
 -1.498608680067708
 -1.717486910388984
 -1.868303995421039
 -1.936018737819889
 -1.926742268432235
 -1.868904260223977
 -1.805406202837154
 -1.776277769135925
 -0.759479589002271
 -0.7303511553010432
 -0.6668530979142203
 -0.6090150897059612
 -0.5997386203183068
 -0.6674533627171588
 -0.8182704477492121
 -1.037148678070488
 -1.29389117698309
 -1.550633675895694
 -1.769511906216969
 -1.920328991249022
 -1.988043733647875
 -1.97876726426022
 -1.920929256051961
 -1.857431198665138
 -1.828302764963909
 -0.7106526865253848
 -0.681524252824157
 -0.6180261954373338
 -0.5601881872290752
 -0.5509117178414208
 -0.6186264602402723
 -0.7694435452723257
 -0.9883217755936011
 -1.245064274506205
 -1.501806773418807
 -1.720685003740083
 -1.871502088772136
 -1.939216831170988
 -1.929940361783334
 -1.872102353575074
 -1.808604296188252
 -1.779475862487024
 -0.5690381012908919
 -0.5399096675896633
 -0.4764116102028406
 -0.4185736019945817
 -0.4092971326069276
 -0.4770118750057789
 -0.6278289600378322
 -0.8467071903591081
 -1.103449689271709
 -1.360192188184315
 -1.579070418505589
 -1.729887503537644
 -1.797602245936495
 -1.788325776548841
 -1.730487768340582
 -1.666989710953759
 -1.637861277252531
 -0.3563669176869471
 -0.3272384839857186
 -0.2637404265988963
 -0.2059024183906374
 -0.1966259490029833
 -0.2643406914018344
 -0.4151577764338877
 -0.634036006755164
 -0.890778505667767
 -1.147521004580369
 -1.366399234901645
 -1.517216319933699
 -1.58493106233255
 -1.575654592944896
 -1.517816584736639
 -1.454318527349814
 -1.425190093648585
 -0.1043462693383133
 -0.07521783563708537
 -0.01171977825026269
 0.04611822995799614
 0.05539469934565025
 -0.0123200430532009
 -0.1631371280852544
 -0.3820153584065301
 -0.6387578573191331
 -0.8955003562317355
 -1.114378586553012
 -1.265195671585065
 -1.332910413983917
 -1.323633944596262
 -1.265795936388003
 -1.202297879001182
 -1.173169445299952
 0.06971975602824203
 0.0988481897294702
 0.1623462471162927
 0.2201842553245517
 0.2294607247122057
 0.1617459823133545
 0.01092889728130092
 -0.2079493330399749
 -0.4646918319525779
 -0.7214343308651807
 -0.9403125611864562
 -1.09112964621851
 -1.158844388617361
 -1.149567919229707
 -1.091729911021448
 -1.028231853634626
 -0.9991034199333969
 0.3217404043768755
 0.3508688380781037
 0.4143668954649263
 0.472204903673185
 0.4814813730608389
 0.413766630661988
 0.2629495456299343
 0.04407131530865877
 -0.2126711836039444
 -0.4694136825165473
 -0.6882919128378232
 -0.8391089978698766
 -0.9068237402687278
 -0.8975472708810728
 -0.8397092626728148
 -0.776211205285992
 -0.7470827715847635
 0.5344115879808191
 0.5635400216820481
 0.6270380790688708
 0.6848760872771296
 0.6941525566647836
 0.6264378142659325
 0.4756207292338785
 0.2567424989126031
 1.859108815606318e-17
 -0.2567424989126031
 -0.4756207292338784
 -0.6264378142659325
 -0.6941525566647835
 -0.6848760872771292
 -0.6270380790688705
 -0.5635400216820478
 -0.5344115879808188
 0.6760261732153128
 0.7051546069165414
 0.7686526643033642
 0.8264906725116227
 0.8357671418992767
 0.7680523995004258
 0.6172353144683723
 0.3983570841470964
 0.1416145852344934
 -0.1151279136781096
 -0.3340061439993852
 -0.4848232290314388
 -0.5525379714302892
 -0.5432615020426357
 -0.4854234938343769
 -0.421925436447554
 -0.3927970027463261
 0.7248530756921985
 0.7539815093934279
 0.8174795667802499
 0.8753175749885092
 0.8845940443761638
 0.8168793019773123
 0.6660622169452582
 0.4471839866239825
 0.1904414877113795
 -0.06630101120122349
 -0.285179241522499
 -0.4359963265545524
 -0.503711068953404
 -0.4944345995657495
 -0.4365965913574908
 -0.3730985339706682
 -0.34397010026944
 0.6728280798642148
 0.7019565135654424
 0.765454570952265
 0.8232925791605239
 0.8325690485481777
 0.764854306149327
 0.6140372211172729
 0.3951589907959977
 0.1384164918833944
 -0.1183260070292084
 -0.3372042373504841
 -0.4880213223825375
 -0.5557360647813887
 -0.5464595953937342
 -0.488621587185476
 -0.4251235297986532
 -0.395995096097425
 0.527237051761578
 0.556365485462806
 0.6198635428496287
 0.6777015510578878
 0.6869780204455417
 0.6192632780466905
 0.4684461930146366
 0.249567962693361
 -0.007174536219242076
 -0.263917035131845
 -0.4827952654531206
 -0.6336123504851743
 -0.7013270928840245
 -0.6920506234963716
 -0.6342126152881123
 -0.57071455790129
 -0.5415861242000612
 0.3098285280744987
 0.338956961775727
 0.4024550191625493
 0.4602930273708084
 0.4695694967584623
 0.4018547543596112
 0.2510376693275576
 0.03215943900628183
 -0.2245830599063212
 -0.481325558818924
 -0.7002037891402
 -0.8510208741722531
 -0.9187356165711047
 -0.9094591471834506
 -0.8516211389751913
 -0.7881230815883689
 -0.7589946478871405
 0.05349403596221083
 0.08262246966343903
 0.1461205270502617
 0.2039585352585205
 0.2132350046461745
 0.1455202622473235
 -0.005296822784730207
 -0.2241750531060058
 -0.4809175520186089
 -0.7376600509312115
 -0.9565382812524879
 -1.107355366284542
 -1.175070108683392
 -1.165793639295739
 -1.107955631087479
 -1.044457573700657
 -1.015329139999429
 -0.2028404561500769
 -0.1737120224488487
 -0.1102139650620261
 -0.05237595685376734
 -0.04309948746611327
 -0.1108142298649644
 -0.2616313148970177
 -0.4805095452182934
 -0.7372520441308968
 -0.9939945430434991
 -1.212872773364775
 -1.363689858396829
 -1.431404600795681
 -1.422128131408026
 -1.364290123199767
 -1.300792065812944
 -1.271663632111716
 -0.4202489798371563
 -0.3911205461359278
 -0.3276224887491054
 -0.2697844805408465
 -0.2605080111531923
 -0.3282227535520434
 -0.479039838584097
 -0.6979180689053722
 -0.954660567817976
 -1.211403066730578
 -1.430281297051854
 -1.581098382083908
 -1.648813124482759
 -1.639536655095105
 -1.581698646886847
 -1.518200589500025
 -1.489072155798795
 -0.5658400079397926
 -0.5367115742385641
 -0.4732135168517418
 -0.4153755086434829
 -0.4060990392558288
 -0.47381378165468
 -0.6246308666867334
 -0.8435090970080089
 -1.100251595920613
 -1.356994094833215
 -1.575872325154491
 -1.726689410186545
 -1.794404152585396
 -1.785127683197742
 -1.727289674989483
 -1.663791617602661
 -1.634663183901431
 -0.6178650037677772
 -0.588736570066549
 -0.5252385126797263
 -0.467400504471468
 -0.4581240350838137
 -0.5258387774826649
 -0.6766558625147182
 -0.8955340928359937
 -1.152276591748596
 -1.409019090661201
 -1.627897320982476
 -1.778714406014529
 -1.846429148413382
 -1.837152679025726
 -1.779314670817468
 -1.715816613430645
 -1.686688179729417
 -0.5690381012908919
 -0.5399096675896633
 -0.4764116102028406
 -0.4185736019945817
 -0.4092971326069276
 -0.4770118750057789
 -0.6278289600378322
 -0.8467071903591081
 -1.103449689271709
 -1.360192188184315
 -1.579070418505589
 -1.729887503537644
 -1.797602245936495
 -1.788325776548841
 -1.730487768340582
 -1.666989710953759
 -1.637861277252531
 -0.4274235160563977
 -0.3982950823551698
 -0.3347970249683472
 -0.2769590167600882
 -0.2676825473724343
 -0.3353972897712852
 -0.4862143748033388
 -0.7050926051246142
 -0.9618351040372174
 -1.218577602949821
 -1.437455833271095
 -1.588272918303149
 -1.655987660702001
 -1.646711191314346
 -1.588873183106089
 -1.525375125719265
 -1.496246692018039
 -0.2147523324524535
 -0.1856238987512253
 -0.1221258413644028
 -0.06428783315614384
 -0.05501136376848981
 -0.1227261061673409
 -0.2735431911993946
 -0.4924214215206699
 -0.7491639204332733
 -1.005906419345876
 -1.224784649667152
 -1.375601734699205
 -1.443316477098056
 -1.434040007710402
 -1.376201999502144
 -1.312703942115321
 -1.283575508414094
 0.03726831589618007
 0.06639674959740823
 0.1298948069842308
 0.1877328151924897
 0.1970092845801437
 0.1292945421812925
 -0.02152254285076105
 -0.2404007731720368
 -0.49714327208464
 -0.7538857709972426
 -0.9727640013185185
 -1.123581086350572
 -1.191295828749422
 -1.182019359361769
 -1.12418135115351
 -1.060683293766687
 -1.031554860065459
 0.2823909396321865
 0.3115193733334145
 0.3750174307202371
 0.432855438928496
 0.4421319083161498
 0.3744171659172987
 0.2236000808852452
 0.004721850563969652
 -0.2520206483486334
 -0.5087631472612368
 -0.7276413775825122
 -0.8784584626145653
 -0.9461732050134168
 -0.9368967356257621
 -0.8790587274175036
 -0.8155606700306804
 -0.7864322363294524
 0.5344115879808192
 0.5635400216820479
 0.6270380790688708
 0.6848760872771293
 0.6941525566647843
 0.6264378142659326
 0.4756207292338788
 0.2567424989126034
 5.608692852963765e-17
 -0.2567424989126032
 -0.4756207292338785
 -0.6264378142659323
 -0.6941525566647838
 -0.684876087277129
 -0.6270380790688703
 -0.5635400216820475
 -0.5344115879808188
 0.747082771584764
 0.7762112052859924
 0.8397092626728151
 0.8975472708810731
 0.9068237402687281
 0.8391089978698767
 0.6882919128378233
 0.4694136825165474
 0.2126711836039445
 -0.04407131530865867
 -0.2629495456299342
 -0.4137666306619878
 -0.4814813730608386
 -0.4722049036731847
 -0.4143668954649259
 -0.3508688380781033
 -0.3217404043768751
 0.888697356819258
 0.9178257905204859
 0.9813238479073082
 1.039161856115568
 1.048438325503222
 0.9807235831043698
 0.8299064980723169
 0.6110282677510405
 0.3542857688384378
 0.09754326992583472
 -0.1213349603954409
 -0.2721520454274944
 -0.3398667878263454
 -0.3305903184386911
 -0.2727523102304324
 -0.2092542528436099
 -0.1801258191423817
 0.9375242592961435
 0.966652692997372
 1.030150750384194
 1.087988758592453
 1.097265227980108
 1.029550485581257
 0.878733400549203
 0.6598551702279266
 0.4031126713153242
 0.146370172402721
 -0.07250805791855469
 -0.2233251429506082
 -0.2910398853494593
 -0.281763415961805
 -0.2239254077535463
 -0.1604273503667238
 -0.1312989166654955
 0.8854992634681589
 0.9146276971693873
 0.9781257545562098
 1.035963762764469
 1.045240232152123
 0.9775254897532716
 0.8267084047212176
 0.6078301743999416
 0.3510876754873387
 0.09434517657473585
 -0.1245330537465398
 -0.2753501387785931
 -0.3430648811774442
 -0.3337884117897902
 -0.2759504035815312
 -0.2124523461947088
 -0.1833239124934804
 0.7399082353655221
 0.7690366690667503
 0.8325347264535724
 0.8903727346618319
 0.8996492040494866
 0.8319344616506344
 0.6811173766185811
 0.4622391462973052
 0.2054966473847023
 -0.05124585152790069
 -0.2701240818491764
 -0.4209411668812295
 -0.488655909280081
 -0.4793794398924267
 -0.4215414316841679
 -0.3580433742973452
 -0.328914940596117
 0.522499711678443
 0.5516281453796714
 0.6151262027664937
 0.672964210974753
 0.6822406803624068
 0.6145259379635557
 0.4637088529315021
 0.2448306226102262
 -0.0119118763023768
 -0.26865437521498
 -0.4875326055362555
 -0.6383496905683088
 -0.7060644329671598
 -0.6967879635795059
 -0.638949955371247
 -0.5754518979844244
 -0.5463234642831957
 0.2661652195661554
 0.2952936532673835
 0.3587917106542057
 0.4166297188624647
 0.4259061882501189
 0.3581914458512679
 0.2073743608192142
 -0.01150386950206149
 -0.2682463684146646
 -0.5249888673272677
 -0.7438670976485429
 -0.8946841826805967
 -0.9623989250794482
 -0.9531224556917935
 -0.8952844474835349
 -0.831786390096713
 -0.8026579563954843
 0.009830727453867457
 0.0389591611550957
 0.1024572185419182
 0.160295226750177
 0.1695716961378312
 0.10185695373898
 -0.04896013129307359
 -0.2678383616143493
 -0.5245808605269523
 -0.781323359439555
 -1.000201589760832
 -1.151018674792886
 -1.218733417191735
 -1.209456947804083
 -1.151618939595823
 -1.088120882209
 -1.058992448507772
 -0.2075777962332116
 -0.1784493625319835
 -0.1149513051451609
 -0.05711329693690206
 -0.04783682754924793
 -0.1155515699480991
 -0.2663686549801526
 -0.4852468853014283
 -0.7419893842140309
 -0.9987318831266346
 -1.21761011344791
 -1.368427198479964
 -1.436141940878815
 -1.426865471491159
 -1.369027463282902
 -1.305529405896079
 -1.276400972194851
 -0.3531688243358483
 -0.32404039063462
 -0.2605423332477975
 -0.2027043250395385
 -0.1934278556518844
 -0.2611425980507355
 -0.4119596830827891
 -0.630837913404065
 -0.8875804123166683
 -1.144322911229271
 -1.363201141550546
 -1.5140182265826
 -1.581732968981453
 -1.572456499593797
 -1.514618491385537
 -1.451120433998716
 -1.421992000297487
 -0.4051938201638332
 -0.3760653864626051
 -0.3125673290757823
 -0.2547293208675235
 -0.2454528514798694
 -0.3131675938787206
 -0.4639846789107742
 -0.6828629092320501
 -0.9396054081446531
 -1.196347907057256
 -1.415226137378532
 -1.566043222410585
 -1.633757964809437
 -1.624481495421781
 -1.566643487213523
 -1.503145429826701
 -1.474016996125473
 -0.3563669176869471
 -0.3272384839857186
 -0.2637404265988963
 -0.2059024183906374
 -0.1966259490029833
 -0.2643406914018344
 -0.4151577764338877
 -0.634036006755164
 -0.890778505667767
 -1.147521004580369
 -1.366399234901645
 -1.517216319933699
 -1.58493106233255
 -1.575654592944896
 -1.517816584736639
 -1.454318527349814
 -1.425190093648585
 -0.2147523324524535
 -0.1856238987512253
 -0.1221258413644028
 -0.06428783315614384
 -0.05501136376848981
 -0.1227261061673409
 -0.2735431911993946
 -0.4924214215206698
 -0.7491639204332733
 -1.005906419345876
 -1.224784649667152
 -1.375601734699205
 -1.443316477098056
 -1.434040007710402
 -1.376201999502144
 -1.312703942115321
 -1.283575508414094
 -0.00208114884850905
 0.02704728485271911
 0.09054534223954173
 0.1483833504478006
 0.1576598198354547
 0.08994507743660346
 -0.06087200759545015
 -0.279750237916726
 -0.5364927368293289
 -0.793235235741932
 -1.012113466063207
 -1.162930551095261
 -1.230645293494112
 -1.221368824106458
 -1.163530815898199
 -1.100032758511377
 -1.070904324810149
 0.2499394995001245
 0.2790679332013526
 0.3425659905881751
 0.4004039987964341
 0.4096804681840883
 0.3419657257852368
 0.1911486407531834
 -0.0277295895680923
 -0.2844720884806954
 -0.5412145873932994
 -0.7600928177145742
 -0.9109099027466272
 -0.9786246451454789
 -0.9693481757578247
 -0.9115101675495656
 -0.8480121101627428
 -0.8188836764615143
 0.534411587980819
 0.5635400216820481
 0.6270380790688707
 0.6848760872771292
 0.6941525566647839
 0.6264378142659326
 0.4756207292338788
 0.2567424989126033
 7.160748410901697e-17
 -0.2567424989126031
 -0.4756207292338785
 -0.6264378142659323
 -0.6941525566647836
 -0.6848760872771288
 -0.6270380790688701
 -0.5635400216820475
 -0.5344115879808182
 0.7864322363294528
 0.8155606700306811
 0.8790587274175041
 0.9368967356257625
 0.9461732050134173
 0.8784584626145656
 0.7276413775825126
 0.5087631472612371
 0.2520206483486335
 -0.004721850563969511
 -0.2236000808852451
 -0.3744171659172985
 -0.4421319083161495
 -0.4328554389284956
 -0.3750174307202366
 -0.3115193733334139
 -0.282390939632186
 0.9991034199333974
 1.028231853634626
 1.091729911021448
 1.149567919229708
 1.158844388617361
 1.09112964621851
 0.9403125611864565
 0.7214343308651809
 0.464691831952578
 0.207949333039975
 -0.01092889728130077
 -0.1617459823133544
 -0.2294607247122054
 -0.2201842553245513
 -0.1623462471162923
 -0.09884818972946974
 -0.06971975602824158
 1.14071800516789
 1.16984643886912
 1.233344496255943
 1.2911825044642
 1.300458973851855
 1.232744231453003
 1.081927146420949
 0.863048916099674
 0.6063064171870712
 0.3495639182744682
 0.1306856879531925
 -0.0201313970788609
 -0.08784613947771197
 -0.07856967009005786
 -0.02073166188179894
 0.04276639550502368
 0.07189482920625175
 1.189544907644778
 1.218673341346006
 1.282171398732828
 1.340009406941087
 1.349285876328741
 1.28157113392989
 1.130754048897836
 0.9118758185765604
 0.6551333196639567
 0.3983908207513546
 0.1795125904300788
 0.02869550539802523
 -0.03901923700082582
 -0.02974276761317165
 0.02809524059508721
 0.09159329798190981
 0.120721731683138
 1.137519911816793
 1.16664834551802
 1.230146402904842
 1.287984411113102
 1.297260880500756
 1.229546138101905
 1.078729053069851
 0.8598508227485754
 0.6031083238359726
 0.3463658249233692
 0.1274875946020938
 -0.02332949042995974
 -0.09104423282881081
 -0.08176776344115665
 -0.02392975523289778
 0.03956830215392479
 0.06869673585515294
 0.9919288837141551
 1.021057317415384
 1.084555374802206
 1.142393383010466
 1.151669852398119
 1.083955109999268
 0.9331380249672147
 0.7142597946459388
 0.4575172957333356
 0.2007747968207328
 -0.01810343350054286
 -0.1689205185325964
 -0.2366352609314474
 -0.2273587915437931
 -0.1695207833355343
 -0.1060227259487118
 -0.0768942922474836
 0.7745203600270761
 0.8036487937283047
 0.8671468511151275
 0.9249848593233865
 0.9342613287110406
 0.8665465863121887
 0.7157295012801352
 0.4968512709588598
 0.2401087720462566
 -0.01663372686634636
 -0.235511957187622
 -0.3863290422196754
 -0.4540437846185266
 -0.4447673152308724
 -0.3869293070226136
 -0.323431249635791
 -0.2943028159345628
 0.5181858679147889
 0.5473143016160174
 0.610812359002839
 0.6686503672110984
 0.6779268365987529
 0.610212094199901
 0.4593950091678478
 0.2405167788465719
 -0.01622572006603107
 -0.272968218978634
 -0.4918464492999098
 -0.642663534331963
 -0.7103782767308147
 -0.7011018073431602
 -0.6432637991349014
 -0.5797657417480789
 -0.5506373080468503
 0.2618513758025011
 0.2909798095037291
 0.3544778668905517
 0.4123158750988106
 0.4215923444864648
 0.3538776020876135
 0.20306051705556
 -0.01581771326571574
 -0.2725602121783186
 -0.529302711090922
 -0.7481809414121969
 -0.8989980264442509
 -0.9667127688431023
 -0.9574362994554483
 -0.8995982912471892
 -0.8361002338603661
 -0.8069718001591379
 0.04444285211542186
 0.07357128581665003
 0.1370693432034726
 0.1949073514117314
 0.2041838207993854
 0.1364690784005343
 -0.01434800663151917
 -0.2332262369527948
 -0.4899687358653977
 -0.746711234778001
 -0.9655894650992766
 -1.11640655013133
 -1.184121292530181
 -1.174844823142528
 -1.117006814934268
 -1.053508757547445
 -1.024380323846217
 -0.1011481759872146
 -0.07201974228598651
 -0.008521684899163974
 0.04931632330909481
 0.05859279269674891
 -0.009121949702102172
 -0.1599390347341558
 -0.3788172650554312
 -0.6355597639680344
 -0.8923022628806374
 -1.111180493201914
 -1.261997578233967
 -1.329712320632818
 -1.320435851245165
 -1.262597843036905
 -1.199099785650082
 -1.169971351948854
 -0.1531731718151997
 -0.1240447381139715
 -0.0605466807271489
 -0.002708672518890108
 0.006567796868763998
 -0.06114694553008711
 -0.2119640305621407
 -0.4308422608834164
 -0.6875847597960191
 -0.9443272587086221
 -1.163205489029898
 -1.314022574061951
 -1.381737316460803
 -1.372460847073149
 -1.31462283886489
 -1.251124781478067
 -1.221996347776838
 -0.1043462693383133
 -0.07521783563708537
 -0.0117197782502627
 0.04611822995799613
 0.05539469934565024
 -0.0123200430532009
 -0.1631371280852544
 -0.3820153584065301
 -0.6387578573191331
 -0.8955003562317355
 -1.114378586553012
 -1.265195671585065
 -1.332910413983917
 -1.323633944596262
 -1.265795936388003
 -1.202297879001182
 -1.173169445299952
 0.03726831589618007
 0.06639674959740823
 0.1298948069842308
 0.1877328151924897
 0.1970092845801437
 0.1292945421812925
 -0.02152254285076105
 -0.2404007731720368
 -0.49714327208464
 -0.7538857709972426
 -0.9727640013185186
 -1.123581086350572
 -1.191295828749422
 -1.182019359361769
 -1.12418135115351
 -1.060683293766687
 -1.031554860065459
 0.2499394995001245
 0.2790679332013526
 0.3425659905881751
 0.4004039987964341
 0.4096804681840883
 0.3419657257852368
 0.1911486407531834
 -0.0277295895680923
 -0.2844720884806954
 -0.5412145873932994
 -0.7600928177145742
 -0.9109099027466272
 -0.9786246451454788
 -0.9693481757578247
 -0.9115101675495656
 -0.8480121101627428
 -0.8188836764615143
 0.5019601478487572
 0.5310885815499857
 0.5945866389368085
 0.6524246471450675
 0.6617011165327217
 0.5939863741338707
 0.4431692891018169
 0.2242910587805411
 -0.03245144013206189
 -0.289193939044665
 -0.5080721693659406
 -0.6588892543979942
 -0.7266039967968454
 -0.7173275274091905
 -0.6594895192009321
 -0.5959914618141093
 -0.5668630281128804
