0.5668630281128816
 0.6594895192009328
 0.7266039967968458
 0.5080721693659408
 0.03245144013206203
 -0.4431692891018166
 -0.6617011165327212
 -0.594586638936808
 -0.5019601478487565
 1.031554860065459
 1.124181351153511
 1.191295828749423
 0.9727640013185187
 0.49714327208464
 0.02152254285076119
 -0.1970092845801434
 -0.1298948069842304
 -0.03726831589617963
 1.221996347776839
 1.314622838864891
 1.381737316460803
 1.163205489029898
 0.6875847597960192
 0.2119640305621407
 -0.006567796868763861
 0.06054668072714917
 0.1531731718152
 1.024380323846217
 1.117006814934268
 1.184121292530181
 0.9655894650992766
 0.4899687358653976
 0.01434800663151909
 -0.2041838207993853
 -0.1370693432034724
 -0.04444285211542166
 0.5506373080468504
 0.6432637991349015
 0.7103782767308147
 0.4918464492999096
 0.01622572006603089
 -0.4593950091678479
 -0.6779268365987529
 -0.6108123590028388
 -0.5181858679147888
 0.07689429224748379
 0.1695207833355345
 0.2366352609314475
 0.01810343350054278
 -0.4575172957333357
 -0.9331380249672147
 -1.151669852398119
 -1.084555374802205
 -0.991928883714155
 -0.1207217316831377
 -0.02809524059508695
 0.03901923700082595
 -0.1795125904300788
 -0.6551333196639566
 -1.130754048897836
 -1.349285876328741
 -1.282171398732828
 -1.189544907644777
 0.06971975602824203
 0.1623462471162927
 0.2294607247122057
 0.01092889728130092
 -0.4646918319525779
 -0.9403125611864563
 -1.158844388617361
 -1.091729911021448
 -0.9991034199333969
 0.534411587980819
 0.6270380790688707
 0.6941525566647839
 0.4756207292338788
 7.036637476742155e-17
 -0.4756207292338785
 -0.6941525566647836
 -0.6270380790688701
 -0.5344115879808182
 1.031554860065459
 1.124181351153511
 1.191295828749423
 0.9727640013185187
 0.49714327208464
 0.02152254285076119
 -0.1970092845801434
 -0.1298948069842304
 -0.03726831589617963
 1.496246692018039
 1.588873183106089
 1.655987660702002
 1.437455833271095
 0.9618351040372174
 0.4862143748033389
 0.2676825473724346
 0.3347970249683476
 0.4274235160563981
 1.686688179729417
 1.779314670817468
 1.846429148413382
 1.627897320982476
 1.152276591748597
 0.6766558625147182
 0.4581240350838138
 0.5252385126797265
 0.6178650037677775
 1.489072155798796
 1.581698646886847
 1.648813124482759
 1.430281297051854
 0.9546605678179758
 0.4790398385840968
 0.2605080111531923
 0.3276224887491055
 0.4202489798371563
 1.01532913999943
 1.10795563108748
 1.175070108683392
 0.9565382812524876
 0.4809175520186086
 0.005296822784730012
 -0.2132350046461746
 -0.1461205270502617
 -0.05349403596221073
 0.5415861242000614
 0.6342126152881126
 0.7013270928840245
 0.4827952654531205
 0.00717453621924187
 -0.4684461930146369
 -0.6869780204455417
 -0.6198635428496286
 -0.5272370517615778
 0.3439701002694402
 0.4365965913574911
 0.503711068953404
 0.285179241522499
 -0.1904414877113796
 -0.6660622169452584
 -0.8845940443761636
 -0.8174795667802496
 -0.7248530756921983
 0.5344115879808191
 0.6270380790688708
 0.6941525566647836
 0.4756207292338785
 1.777891050887844e-17
 -0.4756207292338784
 -0.6941525566647835
 -0.6270380790688705
 -0.5344115879808188
 0.9991034199333974
 1.091729911021448
 1.158844388617361
 0.9403125611864565
 0.464691831952578
 -0.01092889728130077
 -0.2294607247122054
 -0.1623462471162923
 -0.06971975602824158
 1.221996347776839
 1.314622838864891
 1.381737316460803
 1.163205489029898
 0.6875847597960192
 0.2119640305621407
 -0.006567796868763854
 0.06054668072714917
 0.1531731718152
 1.686688179729417
 1.779314670817468
 1.846429148413382
 1.627897320982476
 1.152276591748597
 0.6766558625147182
 0.4581240350838138
 0.5252385126797265
 0.6178650037677775
 1.877129667440797
 1.969756158528848
 2.036870636124759
 1.818338808693855
 1.342718079459976
 0.8670973502260982
 0.6485655227951935
 0.715680000391106
 0.8083064914791562
 1.679513643510176
 1.772140134598226
 1.839254612194139
 1.620722784763233
 1.145102055529355
 0.669481326295476
 0.450949498864572
 0.5180639764604847
 0.610690467548536
 1.205770627710808
 1.298397118798859
 1.365511596394771
 1.146979768963867
 0.6713590397299879
 0.1957383104961096
 -0.02279351693479504
 0.04432096066111803
 0.1369474517491688
 0.7320276119114411
 0.824654102999492
 0.8917685805954045
 0.6732367531645
 0.1976160239306214
 -0.2780047053032573
 -0.4965365327341619
 -0.4294220551382488
 -0.3367955640501981
 0.5344115879808191
 0.6270380790688705
 0.6941525566647837
 0.4756207292338784
 -1.082470001827915e-16
 -0.4756207292338785
 -0.6941525566647837
 -0.6270380790688704
 -0.5344115879808189
 0.7248530756921985
 0.8174795667802498
 0.8845940443761637
 0.6660622169452582
 0.1904414877113795
 -0.285179241522499
 -0.503711068953404
 -0.4365965913574908
 -0.34397010026944
 1.189544907644778
 1.282171398732828
 1.349285876328741
 1.130754048897836
 0.6551333196639567
 0.1795125904300788
 -0.0390192370008258
 0.02809524059508721
 0.120721731683138
 1.024380323846217
 1.117006814934268
 1.184121292530181
 0.9655894650992766
 0.4899687358653976
 0.01434800663151909
 -0.2041838207993853
 -0.1370693432034724
 -0.04444285211542166
 1.489072155798796
 1.581698646886847
 1.648813124482759
 1.430281297051854
 0.9546605678179758
 0.4790398385840968
 0.2605080111531923
 0.3276224887491055
 0.4202489798371563
 1.679513643510176
 1.772140134598226
 1.839254612194139
 1.620722784763233
 1.145102055529355
 0.669481326295476
 0.450949498864572
 0.5180639764604849
 0.610690467548536
 1.481897619579554
 1.574524110667605
 1.641638588263517
 1.423106760832611
 0.9474860315987333
 0.4718653023648546
 0.2533334749339501
 0.3204479525298633
 0.4130744436179142
 1.008154603780187
 1.100781094868237
 1.167895572464149
 0.9493637450332448
 0.4737430157993662
 -0.001877713434512068
 -0.2204095408654166
 -0.1532950632695037
 -0.06066857218145287
 0.5344115879808191
 0.6270380790688704
 0.6941525566647835
 0.4756207292338783
 -2.219835515925033e-16
 -0.4756207292338787
 -0.6941525566647838
 -0.6270380790688705
 -0.5344115879808191
 0.3367955640501981
 0.4294220551382488
 0.4965365327341617
 0.278004705303257
 -0.1976160239306218
 -0.6732367531645004
 -0.8917685805954046
 -0.824654102999492
 -0.7320276119114411
 0.527237051761578
 0.6198635428496287
 0.6869780204455417
 0.4684461930146366
 -0.007174536219242074
 -0.4827952654531206
 -0.7013270928840245
 -0.6342126152881123
 -0.5415861242000614
 0.9919288837141551
 1.084555374802206
 1.151669852398119
 0.9331380249672147
 0.4575172957333356
 -0.01810343350054286
 -0.2366352609314474
 -0.1695207833355343
 -0.0768942922474836
 0.5506373080468504
 0.6432637991349015
 0.7103782767308147
 0.4918464492999097
 0.01622572006603089
 -0.4593950091678479
 -0.677926836598753
 -0.6108123590028388
 -0.5181858679147888
 1.01532913999943
 1.10795563108748
 1.175070108683392
 0.9565382812524876
 0.4809175520186086
 0.005296822784730015
 -0.2132350046461746
 -0.1461205270502617
 -0.05349403596221072
 1.205770627710808
 1.298397118798859
 1.365511596394771
 1.146979768963867
 0.6713590397299879
 0.1957383104961096
 -0.02279351693479504
 0.04432096066111803
 0.1369474517491688
 1.008154603780187
 1.100781094868237
 1.167895572464149
 0.9493637450332448
 0.4737430157993663
 -0.001877713434512064
 -0.2204095408654166
 -0.1532950632695037
 -0.06066857218145287
 0.5344115879808189
 0.62703807906887
 0.6941525566647835
 0.4756207292338783
 -2.711279069980851e-16
 -0.4756207292338789
 -0.6941525566647839
 -0.6270380790688702
 -0.5344115879808191
 0.06066857218145273
 0.1532950632695035
 0.2204095408654163
 0.001877713434511628
 -0.4737430157993668
 -0.9493637450332453
 -1.167895572464149
 -1.100781094868237
 -1.008154603780187
 -0.1369474517491688
 -0.04432096066111811
 0.02279351693479483
 -0.1957383104961099
 -0.6713590397299883
 -1.146979768963867
 -1.365511596394772
 -1.298397118798859
 -1.205770627710808
 0.05349403596221084
 0.1461205270502617
 0.2132350046461745
 -0.005296822784730201
 -0.4809175520186089
 -0.9565382812524879
 -1.175070108683392
 -1.107955631087479
 -1.015329139999429
 0.518185867914789
 0.610812359002839
 0.6779268365987529
 0.4593950091678478
 -0.01622572006603107
 -0.4918464492999098
 -0.7103782767308147
 -0.6432637991349014
 -0.5506373080468503
 0.0768942922474838
 0.1695207833355345
 0.2366352609314475
 0.01810343350054278
 -0.4575172957333357
 -0.9331380249672147
 -1.151669852398119
 -1.084555374802205
 -0.9919288837141549
 0.5415861242000614
 0.6342126152881126
 0.7013270928840245
 0.4827952654531205
 0.007174536219241877
 -0.4684461930146369
 -0.6869780204455417
 -0.6198635428496286
 -0.5272370517615778
 0.7320276119114411
 0.8246541029994922
 0.8917685805954045
 0.6732367531645
 0.1976160239306214
 -0.2780047053032573
 -0.4965365327341618
 -0.4294220551382488
 -0.3367955640501981
 0.5344115879808191
 0.6270380790688704
 0.6941525566647835
 0.4756207292338783
 -2.197296103242172e-16
 -0.4756207292338787
 -0.6941525566647838
 -0.6270380790688705
 -0.5344115879808191
 0.06066857218145273
 0.1532950632695035
 0.2204095408654163
 0.001877713434511622
 -0.4737430157993668
 -0.9493637450332453
 -1.167895572464149
 -1.100781094868237
 -1.008154603780187
 -0.4130744436179143
 -0.3204479525298634
 -0.2533334749339504
 -0.471865302364855
 -0.9474860315987338
 -1.423106760832611
 -1.641638588263518
 -1.574524110667605
 -1.481897619579554
 -0.610690467548536
 -0.5180639764604849
 -0.4509494988645721
 -0.6694813262954763
 -1.145102055529356
 -1.620722784763234
 -1.83925461219414
 -1.772140134598226
 -1.679513643510176
 -0.4202489798371563
 -0.3276224887491054
 -0.2605080111531923
 -0.479039838584097
 -0.954660567817976
 -1.430281297051854
 -1.648813124482759
 -1.581698646886847
 -1.489072155798795
 0.04444285211542187
 0.1370693432034726
 0.2041838207993854
 -0.01434800663151917
 -0.4899687358653977
 -0.9655894650992766
 -1.184121292530181
 -1.117006814934268
 -1.024380323846217
 -0.1207217316831377
 -0.02809524059508694
 0.03901923700082596
 -0.1795125904300788
 -0.6551333196639566
 -1.130754048897836
 -1.349285876328741
 -1.282171398732828
 -1.189544907644777
 0.3439701002694402
 0.4365965913574911
 0.503711068953404
 0.285179241522499
 -0.1904414877113796
 -0.6660622169452584
 -0.8845940443761636
 -0.8174795667802496
 -0.7248530756921983
 0.5344115879808191
 0.6270380790688705
 0.6941525566647837
 0.4756207292338784
 -9.948230526145786e-17
 -0.4756207292338785
 -0.6941525566647837
 -0.6270380790688704
 -0.5344115879808189
 0.3367955640501981
 0.4294220551382488
 0.4965365327341617
 0.278004705303257
 -0.1976160239306218
 -0.6732367531645004
 -0.8917685805954046
 -0.824654102999492
 -0.7320276119114411
 -0.1369474517491688
 -0.04432096066111811
 0.02279351693479483
 -0.1957383104961099
 -0.6713590397299883
 -1.146979768963867
 -1.365511596394772
 -1.298397118798859
 -1.205770627710808
 -0.610690467548536
 -0.5180639764604849
 -0.4509494988645721
 -0.6694813262954763
 -1.145102055529356
 -1.620722784763234
 -1.83925461219414
 -1.772140134598226
 -1.679513643510176
 -0.8083064914791561
 -0.715680000391106
 -0.6485655227951936
 -0.8670973502260984
 -1.342718079459976
 -1.818338808693855
 -2.036870636124759
 -1.969756158528848
 -1.877129667440797
 -0.6178650037677772
 -0.5252385126797263
 -0.4581240350838137
 -0.6766558625147182
 -1.152276591748596
 -1.627897320982476
 -1.846429148413382
 -1.779314670817468
 -1.686688179729417
 -0.1531731718151997
 -0.0605466807271489
 0.006567796868764003
 -0.2119640305621407
 -0.6875847597960191
 -1.163205489029898
 -1.381737316460803
 -1.31462283886489
 -1.221996347776838
 0.06971975602824203
 0.1623462471162927
 0.2294607247122057
 0.01092889728130092
 -0.4646918319525779
 -0.9403125611864562
 -1.158844388617361
 -1.091729911021448
 -0.9991034199333969
 0.5344115879808191
 0.6270380790688708
 0.6941525566647836
 0.4756207292338785
 1.859108815606318e-17
 -0.4756207292338784
 -0.6941525566647835
 -0.6270380790688705
 -0.5344115879808188
 0.7248530756921985
 0.8174795667802499
 0.8845940443761638
 0.6660622169452582
 0.1904414877113795
 -0.285179241522499
 -0.503711068953404
 -0.4365965913574908
 -0.34397010026944
 0.527237051761578
 0.6198635428496287
 0.6869780204455417
 0.4684461930146366
 -0.007174536219242076
 -0.4827952654531206
 -0.7013270928840245
 -0.6342126152881123
 -0.5415861242000612
 0.05349403596221083
 0.1461205270502617
 0.2132350046461745
 -0.005296822784730207
 -0.4809175520186089
 -0.9565382812524879
 -1.175070108683392
 -1.107955631087479
 -1.015329139999429
 -0.4202489798371563
 -0.3276224887491054
 -0.2605080111531923
 -0.479039838584097
 -0.954660567817976
 -1.430281297051854
 -1.648813124482759
 -1.581698646886847
 -1.489072155798795
 -0.6178650037677772
 -0.5252385126797263
 -0.4581240350838137
 -0.6766558625147182
 -1.152276591748596
 -1.627897320982476
 -1.846429148413382
 -1.779314670817468
 -1.686688179729417
 -0.4274235160563977
 -0.3347970249683472
 -0.2676825473724343
 -0.4862143748033388
 -0.9618351040372174
 -1.437455833271095
 -1.655987660702001
 -1.588873183106089
 -1.496246692018039
 0.03726831589618007
 0.1298948069842308
 0.1970092845801437
 -0.02152254285076105
 -0.49714327208464
 -0.9727640013185185
 -1.191295828749422
 -1.12418135115351
 -1.031554860065459
 0.534411587980819
 0.6270380790688707
 0.6941525566647839
 0.4756207292338788
 7.160748410901697e-17
 -0.4756207292338785
 -0.6941525566647836
 -0.6270380790688701
 -0.5344115879808182
 0.9991034199333974
 1.091729911021448
 1.158844388617361
 0.9403125611864565
 0.464691831952578
 -0.01092889728130077
 -0.2294607247122054
 -0.1623462471162923
 -0.06971975602824158
 1.189544907644778
 1.282171398732828
 1.349285876328741
 1.130754048897836
 0.6551333196639567
 0.1795125904300788
 -0.03901923700082582
 0.02809524059508721
 0.120721731683138
 0.9919288837141551
 1.084555374802206
 1.151669852398119
 0.9331380249672147
 0.4575172957333356
 -0.01810343350054286
 -0.2366352609314474
 -0.1695207833355343
 -0.0768942922474836
 0.5181858679147889
 0.610812359002839
 0.6779268365987529
 0.4593950091678478
 -0.01622572006603107
 -0.4918464492999098
 -0.7103782767308147
 -0.6432637991349014
 -0.5506373080468503
 0.04444285211542186
 0.1370693432034726
 0.2041838207993854
 -0.01434800663151917
 -0.4899687358653977
 -0.9655894650992766
 -1.184121292530181
 -1.117006814934268
 -1.024380323846217
 -0.1531731718151997
 -0.0605466807271489
 0.006567796868763998
 -0.2119640305621407
 -0.6875847597960191
 -1.163205489029898
 -1.381737316460803
 -1.31462283886489
 -1.221996347776838
 0.03726831589618007
 0.1298948069842308
 0.1970092845801437
 -0.02152254285076105
 -0.49714327208464
 -0.9727640013185186
 -1.191295828749422
 -1.12418135115351
 -1.031554860065459
 0.5019601478487572
 0.5945866389368085
 0.6617011165327217
 0.4431692891018169
 -0.03245144013206189
 -0.5080721693659406
 -0.7266039967968454
 -0.6594895192009321
 -0.5668630281128804
